
-3 -4 -5 -2 -5 -2 -5 -4 -5 4 -3 
-1 -2 -3 -2 -5 -4 -4 2 -5 2 -5 
-5 2 1 4 -5 1 -1 1 -5 1 4 
4 0 1 -1 0 -2 4 -5 -5 -1 0 
1 4 4 -2 1 2 -1 2 -2 2 1 
2 1 3 1 -3 1 -3 3 0 4 2 
2 -1 3 3 4 -5 0 -4 -2 0 1 
1 -1 -3 1 2 2 2 2 4 -2 2 
-4 -3 0 0 3 4 1 3 -3 3 -4 
1 0 3 3 -4 2 2 0 0 2 3 
2 3 0 -3 2 3 0 0 2 3 -2 

4 -2 -1 2 -4 -4 1 1 -3 2 -3 
0 3 -4 -3 1 -4 -2 1 4 -1 4 
-1 -5 1 4 -1 -2 3 3 1 -1 4 
2 -5 -1 2 1 -3 4 3 -5 1 4 
-4 2 2 3 -3 -4 -1 -5 -3 1 1 
1 3 -4 -2 -2 -4 0 0 -1 -2 -1 
-1 -3 -4 -1 0 3 3 -3 -2 4 2 
1 -4 -2 -4 0 -1 0 2 4 -4 -5 
-5 -1 4 -4 -2 -3 -4 -2 2 4 3 
4 2 -5 2 -4 0 -3 -1 0 -1 -2 
3 -4 4 4 3 -1 3 0 3 1 0 

40 69 -10 8 15 79 -29 10 -10 -31 -51 
35 32 -24 -19 13 66 -22 31 12 -47 -63 
51 -26 -27 14 56 21 41 51 26 -41 13 
23 -3 -15 48 0 25 38 -7 -42 27 10 
18 5 -31 10 -14 -34 -2 15 31 -32 -2 
48 -27 -20 11 -12 -27 1 41 28 -30 -19 
-1 -30 34 75 -4 -6 32 -5 -46 28 37 
-19 -15 17 -25 -5 -23 -2 -24 -5 25 -5 
-7 27 -47 -9 -22 13 -7 -16 -21 -37 -29 
40 -48 -23 18 5 -8 35 31 0 3 15 
-7 45 -34 -21 -42 -35 -41 -21 10 -3 -7 

9.304e-06
