
-3 -4 -5 -2 -5 -2 -5 -4 -5 4 -3 -1 -2 -3 -2 -5 -4 -4 2 -5 2 -5 -5 2 1 4 -5 1 -1 1 -5 1 4 4 0 1 -1 0 -2 4 -5 -5 -1 0 1 4 4 -2 1 2 -1 2 -2 2 1 2 1 3 1 -3 1 -3 3 0 4 2 2 -1 3 3 4 -5 0 -4 -2 0 1 1 -1 -3 1 2 2 2 2 4 -2 2 -4 -3 0 0 3 4 1 3 -3 3 -4 1 
0 3 3 -4 2 2 0 0 2 3 2 3 0 -3 2 3 0 0 2 3 -2 3 4 1 -4 -2 -1 4 -4 3 -4 -1 3 -2 4 -2 3 0 3 2 2 4 -3 0 -2 0 -1 -3 -2 -3 3 3 -4 0 0 -4 0 -5 -2 0 -5 -4 -3 -4 -4 -4 -3 1 -3 -2 1 1 3 -5 -4 3 3 -5 -1 -5 1 2 -3 -3 3 1 -2 4 -5 -2 4 2 -1 -1 3 1 3 1 -3 2 
2 4 3 1 -3 -3 -1 -2 3 3 -1 -1 -4 -1 -2 3 3 0 4 2 -1 3 -4 3 -4 -5 0 4 -5 -1 4 1 -4 3 0 0 2 -3 1 -4 -5 -1 -5 1 -4 1 -2 -1 1 3 2 3 3 1 -4 -1 -3 4 -1 -2 3 -4 1 -4 2 3 1 -3 4 -5 4 1 0 -1 -3 3 -4 2 2 -3 -4 -2 -4 -2 2 -1 -5 3 2 3 1 0 4 2 -3 -2 1 -3 -1 -4 
-5 -5 1 4 -1 0 2 -4 -1 -2 -1 -2 0 4 -3 -1 2 2 1 -4 3 1 4 -2 4 -1 0 0 2 -2 3 1 -1 -2 0 -2 -2 -2 3 4 0 2 2 -1 -4 2 1 -5 -3 -4 -3 -1 1 -4 1 3 3 0 -4 -2 -5 -1 -1 2 -5 2 2 4 -3 -2 -3 -1 -5 4 -2 0 -2 -5 3 3 -5 -3 -4 -1 0 -1 -3 -3 4 2 3 3 1 0 -5 0 -3 -5 0 4 
2 -4 0 0 4 -4 3 -2 -5 -1 0 -4 -2 -1 -2 -3 4 4 -5 -2 -5 -3 1 4 3 2 4 -2 1 -2 -2 4 -5 3 1 -4 4 -4 -3 -1 1 3 -2 4 -4 -2 3 3 0 -5 -3 -3 -5 4 1 2 1 4 3 0 -4 2 -1 -2 1 -2 3 -1 -2 -3 -5 -4 1 4 -4 1 1 3 -2 -4 1 -3 -2 -1 -2 3 -5 -4 -1 -3 4 -2 1 4 0 -2 1 -5 2 4 
1 0 -4 0 -4 -1 -5 -5 -4 -3 -5 -4 0 -4 3 0 -3 -2 4 3 -5 0 -3 -3 1 -5 -2 4 0 -2 -1 -5 -3 -3 0 -1 0 4 -1 -3 4 -2 3 -3 1 2 4 3 -1 -1 -2 2 2 4 -5 1 3 0 -1 -5 3 -3 3 -5 0 -1 0 -5 -4 3 -2 0 2 -5 -4 -1 -5 -5 -5 -2 1 1 -3 1 -5 3 -5 1 1 -4 -5 -5 0 -2 -3 -1 3 -3 -4 2 
1 -1 -3 3 -4 -5 4 -1 -4 -4 3 0 3 -3 -3 -5 3 -4 -4 -2 -3 1 2 1 -4 1 1 -2 -2 -1 3 4 0 3 -4 3 3 1 3 0 -1 -1 0 0 1 2 2 -3 4 -5 -1 2 2 2 4 3 2 1 -2 -2 -1 -2 -4 3 2 -1 -5 1 1 0 -4 -4 4 -3 -4 -4 -5 -5 -4 -1 4 0 -4 4 4 0 -3 -3 1 1 -1 -1 1 -5 1 -5 0 4 -4 1 
2 0 4 -3 1 -1 -5 2 3 2 -1 -3 2 4 -1 -4 3 -3 2 -1 2 2 -5 2 1 -1 2 0 -2 0 -3 -4 3 3 -3 -4 -3 -4 4 -3 -1 4 -5 2 -5 -3 -1 -2 4 3 1 -4 -1 0 -1 -5 -5 -2 2 0 2 -5 -2 -1 1 -1 0 0 -3 -1 -4 3 2 -1 -1 -3 3 -1 4 1 1 -3 4 -2 -4 -5 1 1 -3 3 -4 4 1 -1 3 0 -1 4 1 3 
-1 -2 -4 2 -2 -3 -5 4 -3 1 3 0 3 3 4 0 -4 3 -5 3 -2 -4 2 -4 1 4 -5 -5 -4 1 -4 -5 -3 2 -1 1 -5 -3 -5 3 0 -1 2 1 2 0 1 -2 -2 -5 -5 1 3 -3 1 3 -3 -5 -5 -3 -4 -4 -1 2 4 4 -5 -2 3 -5 1 -4 -1 -5 3 3 -2 3 1 3 1 1 0 1 0 -2 3 -2 2 -2 4 3 -4 -2 0 -1 4 -5 -4 -2 
2 -2 -3 -1 -1 2 -4 -5 -1 -2 3 -1 -4 1 -2 0 3 -2 2 -3 2 -5 -5 -3 3 1 1 1 0 -4 0 0 2 3 3 3 -1 2 -2 -4 3 3 3 -4 -5 2 -2 -4 -2 1 -2 -5 0 -1 3 -3 0 -5 3 -5 3 0 -3 -2 4 4 1 -2 4 -3 2 1 1 2 -3 -1 1 0 -5 2 -5 2 -5 -5 -2 -5 4 -1 0 -3 -5 -3 -4 3 3 2 0 2 1 -5 
-3 -3 3 -3 -5 1 2 -5 -5 -1 0 4 3 -5 3 1 -3 1 -5 4 2 -2 4 2 0 -4 -1 0 -4 -4 3 -4 -5 -2 3 -2 -2 -1 -3 -2 -1 -5 1 0 -3 1 2 -2 3 -5 -2 1 -3 4 -2 0 3 4 -1 -1 -3 4 -2 -3 -4 4 -5 -5 2 -5 1 4 0 -3 0 1 -4 -3 -5 0 3 2 -1 -1 -1 -1 -3 0 0 3 1 -5 0 -3 -5 4 3 -4 -5 2 
-5 0 2 -2 -5 0 4 0 -5 -4 -4 -4 -2 1 -4 3 2 3 2 4 0 2 -4 -3 1 -1 3 -4 -3 0 -2 2 -5 1 -5 2 -4 -1 -4 1 -2 4 -5 0 -5 -5 2 0 -1 3 4 -3 -1 0 1 2 -1 1 4 -4 0 1 3 -2 0 -5 -4 3 -1 -2 1 0 -4 2 -2 -1 -4 0 1 2 -1 4 -1 -4 -1 -5 4 -3 4 -2 -2 -1 -2 2 -5 -2 -1 -5 -3 2 
-5 3 2 -3 1 -5 2 1 1 -3 3 -1 4 -2 -2 -5 -2 2 -1 3 3 -3 2 3 -2 0 2 3 3 4 0 2 -5 -4 0 4 -3 -2 -5 1 1 4 -3 -4 -3 -3 -2 2 0 -3 -5 3 0 -2 0 -4 -5 3 -4 0 -4 -3 4 -3 -5 2 -5 -1 4 -4 1 3 3 -3 2 1 3 2 -4 -1 3 -2 4 -1 1 0 -2 -1 -1 -3 2 -1 -5 1 1 0 0 1 -3 2 
-5 -2 4 2 2 -4 -3 -2 -5 1 -1 -2 0 3 -1 3 -4 -4 -1 -5 -3 4 3 3 2 3 4 -2 0 0 -5 0 3 -1 2 2 2 0 -1 0 -4 -2 2 3 -3 -3 2 1 4 -2 3 -5 -5 -5 -2 -5 -4 1 -1 -2 3 -5 3 0 4 2 -2 0 2 -3 -2 2 2 -1 -5 4 1 2 4 0 2 -5 -1 -2 -3 -2 2 -2 3 4 3 -3 -2 -3 3 0 -4 0 -1 3 
3 1 1 -1 -4 3 -2 0 -1 -4 1 4 2 2 -1 4 -5 -3 4 2 -5 -3 3 -3 4 3 -2 4 -4 -2 -2 -3 -1 0 -5 2 -3 3 -4 1 4 -4 -4 -1 3 -2 0 -5 -4 -1 -3 3 0 1 -5 -3 3 -2 2 2 3 -5 -5 0 4 4 1 2 1 -5 4 3 3 -3 -4 -3 -3 3 1 0 0 2 0 0 -5 -5 4 -4 -4 2 -2 3 1 4 -3 4 -1 -2 0 -5 
0 -5 -5 1 0 2 1 3 -1 0 2 3 2 -3 -4 -3 0 -3 -1 -3 -2 -5 3 -4 -4 -2 2 -2 -1 4 4 -4 1 1 -1 -4 -4 1 0 0 -4 3 -2 0 3 -1 4 1 -2 2 -1 0 -2 3 -2 3 1 0 2 4 3 -1 -2 2 1 -2 0 4 -1 -5 -3 1 -1 3 0 3 -3 -1 3 -4 3 3 4 1 1 0 2 4 1 2 1 3 -3 1 1 3 1 -4 0 -4 
1 -3 -2 3 -3 -1 0 3 4 -3 -1 -2 4 -5 -1 3 -3 0 0 4 -2 2 -5 4 -1 1 -1 -1 1 2 4 -3 -4 -4 -3 2 4 2 -1 4 -5 -5 2 4 4 -2 1 1 -1 3 -3 1 -3 -2 -3 1 4 4 -4 -4 3 0 -2 1 -3 -5 -4 -5 -4 -3 2 -4 4 0 -2 -1 0 -5 -1 -5 -2 -1 3 -3 -5 3 3 1 -2 4 -4 -5 2 4 -4 4 -5 0 -4 -2 
2 -4 -1 -2 -4 -1 3 -2 4 -5 -3 -4 1 1 2 -2 -3 4 -2 -2 2 4 4 0 0 -2 1 -1 -1 -1 4 2 -2 4 -2 -2 0 4 2 -1 -3 -1 0 0 4 -3 3 -1 -5 -5 -5 2 1 -4 2 3 0 -4 -2 -3 3 1 3 -5 3 0 0 1 0 -5 -2 -1 0 -1 -3 -3 0 -5 -4 1 -3 4 3 -1 -2 3 1 -4 -5 4 1 1 -1 4 4 3 -3 -2 0 -5 
-2 -5 -3 -2 4 3 3 -4 -2 -4 -3 0 4 4 3 3 4 1 -3 -5 -1 4 0 2 0 -1 -5 -1 -3 2 -1 2 3 -5 -3 -3 -4 -3 1 3 -5 4 0 -1 3 -4 -4 -4 -2 -5 -1 1 -5 0 -1 3 4 4 -1 -1 -5 -5 2 -2 0 -3 -4 3 -2 -4 -5 -2 -4 2 -4 -3 -2 -1 1 0 -1 -1 3 -5 4 -5 -3 -5 -5 -2 -2 -1 -4 -5 3 -5 0 -2 3 3 
3 3 -2 3 -5 2 -5 -1 -4 -4 -1 3 3 1 3 1 -1 4 2 0 -3 -1 0 0 0 -4 -5 -5 -2 1 -1 -3 -4 -5 -3 4 -5 1 -1 2 -5 -4 -4 3 -3 -5 -4 0 3 -1 -2 0 4 -2 1 0 -4 4 -4 -4 1 -3 1 1 2 3 1 3 2 -4 -4 -3 0 2 -3 -1 -3 4 1 2 3 1 4 -1 0 -1 -3 -1 -4 3 -1 -3 3 3 -4 -4 -2 3 -3 -2 
3 1 0 -3 1 4 1 3 2 -4 -1 -3 -5 -3 0 -4 -3 -5 -3 0 1 -3 -4 4 2 4 0 -4 0 -4 -4 4 -3 0 1 2 3 2 -3 4 -5 0 0 -1 -5 -1 -5 3 1 -4 1 2 -2 2 -3 2 -4 -5 3 3 -3 0 4 1 -5 -5 -4 2 -2 4 1 -4 -5 -1 -5 -1 3 1 1 2 -3 4 3 4 -1 -5 2 4 2 -4 3 -4 1 -5 -4 -3 3 -4 -2 4 
-3 4 0 4 -1 -4 0 -1 -4 0 -1 -5 -1 -2 2 1 1 3 0 2 -5 2 -3 -4 2 4 4 3 1 -1 0 -1 4 1 -1 3 -2 0 3 -5 0 -2 -1 -4 1 2 2 2 0 0 4 2 -4 -5 -5 4 0 -1 3 -2 0 4 -2 -2 -1 3 -3 -4 -4 1 1 -3 -4 -1 1 1 4 2 1 -2 -4 -5 -4 -5 2 1 -3 2 2 2 -4 2 -4 2 2 -2 0 0 4 -2 
-2 -5 -5 -2 -5 -1 1 1 3 3 2 2 4 -4 4 2 2 -4 1 3 2 -1 2 -3 0 -2 0 2 2 3 1 -4 0 0 -4 -1 -5 -2 -4 -2 4 -2 -5 0 -3 1 -4 1 -1 -4 1 2 2 1 4 2 -4 3 -2 -4 4 1 4 -5 0 -3 -5 -2 -2 2 -2 -1 1 3 3 2 -4 -3 -5 2 2 -1 -3 3 3 4 -3 3 -5 -3 3 -5 2 -3 3 3 -2 3 -4 -2 
-2 0 -3 3 -4 0 -5 -5 -5 2 1 2 4 3 -2 1 -5 0 1 2 1 4 3 2 3 -4 -1 1 3 -5 -3 -5 4 0 -2 2 2 4 -5 3 -2 -1 4 1 -4 -4 -2 1 -4 -3 1 2 2 -4 -1 4 -5 3 4 -4 -3 1 3 -3 0 4 -2 -5 -1 -3 0 3 4 4 -1 -2 2 3 -2 3 -1 -1 0 -1 3 -3 -4 -5 -2 -2 0 3 2 -3 4 -4 -5 2 -5 -4 
4 0 2 1 -4 -5 3 -4 4 3 0 0 -1 0 1 3 -4 -5 -2 -4 3 -2 -2 -2 4 -1 -3 -1 0 0 4 -4 4 -3 -5 2 1 1 1 2 0 -2 1 1 -3 0 3 0 -4 -3 -2 -2 -4 -1 0 1 3 4 -2 2 -5 -4 -3 2 3 4 -5 -1 3 -3 0 0 -3 4 -4 -1 -4 -2 -1 -4 -3 1 3 3 -3 -3 -4 -1 -1 -3 -5 -5 -3 3 1 -3 -2 -1 -4 -4 
2 2 0 0 2 4 -2 -3 -2 2 -2 4 4 -4 3 -5 -3 2 -5 -5 -4 4 4 -1 -1 -2 -2 0 2 4 -2 -1 2 -1 0 4 1 0 -4 4 -1 2 1 -1 -4 -2 -2 -4 -4 -3 1 2 -2 4 -2 -1 -1 4 0 0 2 0 -5 0 3 -2 -5 3 -1 4 2 4 3 -2 -3 -2 -2 -1 -4 3 3 2 -1 0 -1 -5 -2 1 2 1 -4 1 -1 4 -1 -5 -2 0 -1 2 
4 -2 1 0 3 -5 2 1 -5 -5 2 4 4 2 -5 -2 -1 -1 0 -5 2 3 -5 2 -1 0 -4 -2 -1 2 3 2 -5 2 0 -3 -3 4 4 -2 3 1 4 -1 -4 -4 1 -1 -2 -1 -2 -1 -3 4 -1 2 1 2 0 -2 2 1 1 -2 1 -4 -5 1 -3 3 -4 -1 -5 1 1 -3 1 -5 -2 0 1 -4 2 -4 -1 -5 1 -1 2 -1 -3 -5 -4 1 2 1 -2 -3 3 -4 
0 -4 1 -2 4 -5 -5 0 -3 2 3 1 1 -4 2 -5 1 -5 -5 -4 0 -2 -2 3 -2 3 -2 -3 2 2 -5 -2 -3 -4 2 -1 0 4 3 2 -1 0 1 4 0 -3 1 -4 -5 -2 4 -2 2 2 -2 -5 -1 3 0 3 1 0 2 1 0 2 -4 -3 2 2 1 -5 0 0 -5 -5 0 -2 2 -1 -2 3 0 1 -4 0 -1 0 1 -4 1 1 -5 -5 -2 -4 4 -1 -2 -4 
2 1 -2 -2 -1 2 3 0 1 4 -4 -5 -2 -4 2 -1 -3 3 1 4 2 -1 -1 1 2 1 2 0 -3 3 -3 3 1 -1 -3 0 0 4 -4 -1 -2 -3 3 -2 1 -1 -1 2 -2 0 3 2 -4 0 -2 1 -1 4 4 3 -2 3 4 -1 3 4 -2 -2 -1 -3 -2 3 -5 1 4 4 -4 2 -1 -1 -4 -3 -1 -2 1 -5 0 -2 1 4 1 -2 2 4 -4 2 -5 -4 3 0 
-3 -5 3 2 0 0 3 -3 -5 -5 3 3 -5 0 0 4 4 2 0 2 -3 0 -3 2 -3 -2 3 -2 -3 -5 -3 0 -3 -2 -5 -3 -1 -1 4 3 -3 3 2 -3 -2 -5 2 -5 -3 3 3 2 -5 -4 4 1 1 -1 2 0 -2 4 0 4 -5 -2 -3 0 1 0 4 3 -5 -3 -2 -3 2 2 1 0 3 1 -4 2 4 1 2 4 -4 4 -2 -4 1 2 -5 3 -3 -1 1 2 
-1 4 -5 -2 -3 1 1 3 -4 -1 -4 -2 4 -5 3 0 -2 -5 0 2 -5 3 0 -4 2 4 -1 -2 -4 -5 0 3 -1 -2 1 -5 2 2 4 -4 2 -1 1 1 0 -4 1 -5 -5 -4 1 0 -1 -5 -3 -5 1 0 1 -1 -2 -4 3 -3 1 3 4 3 3 3 -3 1 0 1 3 -1 4 -1 -5 -4 -1 -4 -1 -5 -5 2 2 1 4 2 0 -3 3 2 4 1 4 -5 -5 -5 
-4 2 -3 -1 3 -4 -1 -2 0 -1 -3 -5 -5 1 0 0 -2 1 -4 -3 0 1 4 2 -2 -4 -2 1 -2 3 4 1 -4 -1 1 0 -3 -1 -3 3 -1 -3 -3 -1 -3 3 -3 -5 4 3 -4 4 1 1 0 2 0 4 4 2 -5 0 4 4 -3 1 0 -5 3 1 0 2 0 -3 -3 2 1 -5 -3 1 -4 4 2 0 2 -2 2 2 3 -5 -5 1 -2 -2 3 4 -2 -5 2 -5 
4 -4 2 -4 2 3 -5 2 -2 -4 -3 -1 -4 -5 -3 3 2 -3 3 -1 4 4 -5 2 2 3 -1 3 -5 1 -4 -5 1 2 4 0 2 -3 -4 -2 -3 -5 1 -1 4 0 -4 -1 4 0 1 -4 2 -4 1 -5 2 4 -2 -1 -5 3 -1 -5 3 -1 4 3 -5 -5 0 4 1 -4 1 3 2 4 -2 4 3 2 -3 -5 2 -3 -3 4 -2 -4 -5 3 -5 -1 2 0 -5 4 -5 3 
-4 -2 -2 0 4 4 -5 -5 0 0 -5 -4 2 0 -4 3 0 4 4 -5 -1 -3 2 3 4 1 4 -2 -3 1 -1 4 3 -2 -1 -5 -2 4 3 -1 1 -3 -4 -2 0 -4 -1 -2 -4 -1 -3 -4 -5 2 -5 -5 -2 -2 4 -2 1 4 0 2 -2 2 4 -2 -5 -4 -3 4 1 0 -5 -2 -3 -4 3 -4 -2 -5 -5 0 1 -2 -5 4 1 0 -1 1 -1 -5 4 3 -4 -5 1 -3 
-1 -2 3 0 -5 -1 -5 -2 -5 -2 2 3 -1 -3 1 -1 -4 -4 -1 -5 4 -4 1 -5 -5 -5 -1 2 -5 -3 0 -2 4 -2 -3 -3 3 0 -5 0 3 4 3 0 3 -4 3 0 3 0 -2 -1 -4 -5 1 1 0 -5 2 3 2 -2 -2 2 -5 0 -4 3 -3 4 1 -1 -2 3 -3 -5 2 4 3 0 -5 -1 -1 1 0 2 -2 1 4 -4 -2 2 3 -2 -1 2 -2 0 3 2 
-4 1 3 0 3 0 4 -1 3 1 2 1 1 -4 4 2 1 2 4 3 -5 -4 0 -4 -1 2 -1 2 4 2 -5 -4 -3 2 -2 -4 4 4 -5 -5 -4 -4 -2 1 -5 0 -4 -5 4 2 -1 -2 -2 -5 0 -2 -4 -3 1 -4 0 3 3 -1 3 -2 -2 3 -5 2 -4 -3 3 4 1 -5 -3 -4 3 3 -5 -4 -4 2 -5 2 1 1 0 3 4 -1 -5 -4 -2 2 2 -3 -3 -4 
0 3 -3 0 -2 -4 2 0 -2 2 -5 0 3 4 3 2 -3 1 -4 -1 3 -5 -1 -1 0 4 -5 1 -2 -2 4 3 0 3 4 1 -4 1 -2 0 0 1 -5 3 -4 3 -4 -1 1 3 -5 1 -5 3 1 1 -5 -3 4 3 1 -2 4 3 -2 -4 -2 1 -1 -4 -3 2 -4 3 0 -4 0 -4 0 -2 2 0 1 1 4 1 1 2 1 3 -2 0 2 3 2 -1 2 2 -1 4 
-3 4 -5 2 0 -4 1 -1 1 4 0 -5 3 -5 -1 -5 1 1 3 3 -4 1 -5 2 -1 -3 -1 -1 -2 4 3 0 -5 0 4 1 2 -2 2 2 4 -2 3 4 2 -2 4 -3 -1 -5 1 4 0 1 0 0 1 -4 4 3 -4 -1 -4 -3 2 -1 -2 -5 3 -1 -4 4 -3 1 -3 -4 4 1 -1 -5 -2 4 -5 4 2 -2 1 -3 -1 -3 -1 -3 -4 0 1 -3 -1 -4 -2 -1 
3 -2 -4 2 0 -2 2 -1 -2 4 4 -1 -2 4 4 -3 -3 1 0 -3 2 -3 -4 1 -5 4 1 2 -5 -4 -3 -4 -5 -1 0 3 -2 -5 -5 -2 -2 0 4 -1 -4 -4 -3 -2 -1 -3 1 3 -3 3 4 0 3 2 -2 4 -5 -5 1 3 0 2 -3 0 1 4 3 -2 0 3 0 1 -4 -4 -1 -1 -3 0 4 -4 -2 0 -1 -3 -5 -2 -4 -3 -4 -2 0 4 -4 0 -1 -5 
1 -1 3 1 -5 1 -3 -2 1 -5 2 -3 2 -2 -1 -3 -3 2 2 -4 -1 4 4 -4 -1 3 2 -4 3 3 4 3 -4 1 -5 2 3 -1 -2 -2 -3 -5 -3 1 3 3 -5 -3 0 -2 3 0 -5 1 3 -2 -1 -1 3 -2 3 1 -3 -3 -4 1 4 2 -1 -5 1 2 -4 3 0 3 0 0 2 4 2 4 4 -4 -1 -5 3 -1 -3 4 3 -3 -1 0 4 -4 4 1 -5 3 
-3 4 2 -5 4 1 -4 0 4 -5 -1 3 -2 3 0 -2 -1 -4 3 -3 1 4 -5 0 1 -3 4 2 3 3 -2 1 1 -3 -3 -1 -1 0 4 1 3 4 0 -4 -1 -4 -2 4 2 1 1 2 0 2 2 -2 2 1 -5 3 -5 1 3 2 -5 0 0 4 3 3 -2 0 2 0 4 1 -3 2 -4 3 4 -5 4 1 4 1 4 1 -2 0 1 1 0 -4 4 3 0 -3 -4 0 
-1 1 0 4 1 -2 3 -2 1 -3 2 0 -3 -2 4 0 -2 3 0 4 0 3 0 -4 4 3 4 -2 -1 1 3 3 1 -4 2 4 1 -5 -5 -1 3 4 -4 -3 -1 -3 -2 0 -5 -1 -4 -1 -5 -4 -4 -2 -1 -5 3 -2 -3 1 3 1 -4 -5 -1 -3 -3 4 -1 -1 0 -1 3 4 -1 2 -5 -2 -2 3 -4 1 4 3 2 -3 -5 -3 4 -5 -4 3 -3 3 -5 2 -4 1 
-5 -1 -3 -1 4 -1 -4 0 0 3 4 0 0 -2 4 3 3 3 -1 0 -3 -1 3 -4 0 -4 3 2 -1 -2 -1 -3 2 -1 2 3 -4 3 -1 -3 -5 2 0 -1 4 -3 -4 2 -4 -4 -2 -5 0 -2 3 -4 -2 4 2 -5 -1 -1 -2 1 1 -2 -3 -1 -2 3 2 -1 -5 -1 -3 3 -2 0 2 -2 -2 -3 0 -1 3 0 1 -5 2 3 0 1 -2 2 2 0 -2 3 -5 -5 
-4 3 -1 1 2 -2 0 -3 0 -2 2 -1 -5 4 4 -4 1 -5 -3 1 0 -2 -4 -4 4 -5 -1 4 4 -5 -3 -3 0 -2 -3 3 -2 -5 -5 -1 4 -5 -4 -3 -3 -3 1 -1 4 -5 -1 -4 -4 -1 -1 0 0 3 2 -5 0 0 1 -1 -3 4 -1 -2 -2 4 -5 -1 -5 -2 3 4 0 4 2 -4 -5 2 -2 -3 -1 1 2 4 1 -5 2 -4 -1 4 1 -3 -1 -1 1 -1 
-4 -1 -1 -4 4 -5 -5 -3 -1 -5 1 -3 1 -5 0 -3 4 2 -4 2 -4 -5 -2 -4 3 -4 1 2 -4 2 -2 2 -5 3 0 1 4 -5 -2 -4 2 -5 2 -5 1 2 -1 1 -4 -5 2 1 3 4 -3 2 0 0 1 -2 2 2 4 3 -4 -5 2 1 3 4 -5 -3 -2 4 3 0 -5 4 3 -3 3 -4 -2 -2 2 -1 -5 -1 4 1 -4 0 2 -3 1 4 -4 -1 -2 -5 
-2 3 -1 1 3 -3 2 -1 0 -3 0 3 0 0 -4 -5 -2 4 -2 -3 -4 0 -1 -3 -5 -2 4 -1 0 -1 3 -1 0 -5 -5 -2 -4 -4 -3 4 -5 -5 0 0 3 3 1 -5 2 -2 4 -3 4 -5 3 0 -2 3 -2 3 0 -5 -3 -1 1 -3 1 -5 4 -5 -4 1 -2 -3 -2 -5 -3 -3 -2 2 1 4 2 4 -4 -2 1 -5 4 -5 1 -3 0 -1 -2 -3 -1 -2 -3 4 
0 4 -1 2 -2 4 -3 4 -5 -5 3 -1 2 0 -2 -1 3 -1 -3 3 -4 1 -3 2 -5 3 -2 -3 -1 -4 0 -5 -5 3 2 -4 2 4 -1 0 1 -1 -5 -1 2 0 0 1 4 -3 -2 -5 -2 0 2 1 -5 2 -4 3 3 -4 4 -4 0 -3 -5 0 0 0 3 -5 -2 -2 -5 0 2 1 4 -3 -1 2 -5 -5 3 4 3 1 3 -5 -2 -4 0 -4 3 -5 4 3 -2 1 
0 -4 2 -4 4 3 -5 1 -5 -4 0 -3 -2 3 -4 -4 -2 -1 -5 -5 3 0 -1 0 -4 2 -5 -1 -2 -3 4 -2 3 0 0 -4 -5 -1 4 -3 3 -5 -4 -1 3 -2 0 -5 3 0 2 -5 1 -3 -1 4 3 -2 0 3 4 -2 4 -5 -2 1 -1 -5 -3 4 -4 -1 4 -5 4 4 -4 0 4 0 -1 0 4 -4 -4 -3 3 0 1 -2 3 2 1 0 -2 4 -2 2 -2 2 
4 4 -5 2 0 0 1 0 -3 -4 -1 -3 4 -2 -5 4 2 -5 3 1 -5 -5 -5 -5 -5 2 -1 3 -2 2 2 0 -3 -2 0 2 0 -3 2 3 3 2 4 2 4 2 2 -1 -5 -2 4 -2 -3 -3 -4 4 2 -2 1 -3 -4 1 2 -3 -5 0 -5 1 0 0 -5 3 0 3 3 4 -2 -4 2 4 -4 -3 -3 2 2 1 -4 4 4 -5 4 1 3 -1 -2 3 3 4 -5 -3 
-2 4 -1 -2 1 -2 2 -4 -4 -1 -4 -4 -1 -2 -2 -1 0 0 -4 0 1 2 4 -5 1 1 3 -5 -1 3 -4 1 2 3 -1 -4 -4 1 4 -1 -1 0 -2 3 -1 3 -4 -1 -5 -5 1 3 -4 -2 2 -4 -4 3 1 1 3 3 -4 -5 2 -4 0 1 3 -3 -5 -5 -2 4 -4 -3 -3 -4 0 -5 3 3 -2 -1 0 4 -2 -3 -1 -4 -5 2 1 -3 -2 0 1 2 -5 -3 
-3 -4 -5 -2 -5 -2 -5 -4 -5 4 -3 -1 -2 -3 -2 -5 -4 -4 2 -5 2 -5 -5 2 1 4 -5 1 -1 1 -5 1 4 4 0 1 -1 0 -2 4 -5 -5 -1 0 1 4 4 -2 1 2 -1 2 -2 2 1 2 1 3 1 -3 1 -3 3 0 4 2 2 -1 3 3 4 -5 0 -4 -2 0 1 1 -1 -3 1 2 2 2 2 4 -2 2 -4 -3 0 0 3 4 1 3 -3 3 -4 1 
0 3 3 -4 2 2 0 0 2 3 2 3 0 -3 2 3 0 0 2 3 -2 3 4 1 -4 -2 -1 4 -4 3 -4 -1 3 -2 4 -2 3 0 3 2 2 4 -3 0 -2 0 -1 -3 -2 -3 3 3 -4 0 0 -4 0 -5 -2 0 -5 -4 -3 -4 -4 -4 -3 1 -3 -2 1 1 3 -5 -4 3 3 -5 -1 -5 1 2 -3 -3 3 1 -2 4 -5 -2 4 2 -1 -1 3 1 3 1 -3 2 
2 4 3 1 -3 -3 -1 -2 3 3 -1 -1 -4 -1 -2 3 3 0 4 2 -1 3 -4 3 -4 -5 0 4 -5 -1 4 1 -4 3 0 0 2 -3 1 -4 -5 -1 -5 1 -4 1 -2 -1 1 3 2 3 3 1 -4 -1 -3 4 -1 -2 3 -4 1 -4 2 3 1 -3 4 -5 4 1 0 -1 -3 3 -4 2 2 -3 -4 -2 -4 -2 2 -1 -5 3 2 3 1 0 4 2 -3 -2 1 -3 -1 -4 
-5 -5 1 4 -1 0 2 -4 -1 -2 -1 -2 0 4 -3 -1 2 2 1 -4 3 1 4 -2 4 -1 0 0 2 -2 3 1 -1 -2 0 -2 -2 -2 3 4 0 2 2 -1 -4 2 1 -5 -3 -4 -3 -1 1 -4 1 3 3 0 -4 -2 -5 -1 -1 2 -5 2 2 4 -3 -2 -3 -1 -5 4 -2 0 -2 -5 3 3 -5 -3 -4 -1 0 -1 -3 -3 4 2 3 3 1 0 -5 0 -3 -5 0 4 
2 -4 0 0 4 -4 3 -2 -5 -1 0 -4 -2 -1 -2 -3 4 4 -5 -2 -5 -3 1 4 3 2 4 -2 1 -2 -2 4 -5 3 1 -4 4 -4 -3 -1 1 3 -2 4 -4 -2 3 3 0 -5 -3 -3 -5 4 1 2 1 4 3 0 -4 2 -1 -2 1 -2 3 -1 -2 -3 -5 -4 1 4 -4 1 1 3 -2 -4 1 -3 -2 -1 -2 3 -5 -4 -1 -3 4 -2 1 4 0 -2 1 -5 2 4 
1 0 -4 0 -4 -1 -5 -5 -4 -3 -5 -4 0 -4 3 0 -3 -2 4 3 -5 0 -3 -3 1 -5 -2 4 0 -2 -1 -5 -3 -3 0 -1 0 4 -1 -3 4 -2 3 -3 1 2 4 3 -1 -1 -2 2 2 4 -5 1 3 0 -1 -5 3 -3 3 -5 0 -1 0 -5 -4 3 -2 0 2 -5 -4 -1 -5 -5 -5 -2 1 1 -3 1 -5 3 -5 1 1 -4 -5 -5 0 -2 -3 -1 3 -3 -4 2 
1 -1 -3 3 -4 -5 4 -1 -4 -4 3 0 3 -3 -3 -5 3 -4 -4 -2 -3 1 2 1 -4 1 1 -2 -2 -1 3 4 0 3 -4 3 3 1 3 0 -1 -1 0 0 1 2 2 -3 4 -5 -1 2 2 2 4 3 2 1 -2 -2 -1 -2 -4 3 2 -1 -5 1 1 0 -4 -4 4 -3 -4 -4 -5 -5 -4 -1 4 0 -4 4 4 0 -3 -3 1 1 -1 -1 1 -5 1 -5 0 4 -4 1 
2 0 4 -3 1 -1 -5 2 3 2 -1 -3 2 4 -1 -4 3 -3 2 -1 2 2 -5 2 1 -1 2 0 -2 0 -3 -4 3 3 -3 -4 -3 -4 4 -3 -1 4 -5 2 -5 -3 -1 -2 4 3 1 -4 -1 0 -1 -5 -5 -2 2 0 2 -5 -2 -1 1 -1 0 0 -3 -1 -4 3 2 -1 -1 -3 3 -1 4 1 1 -3 4 -2 -4 -5 1 1 -3 3 -4 4 1 -1 3 0 -1 4 1 3 
-1 -2 -4 2 -2 -3 -5 4 -3 1 3 0 3 3 4 0 -4 3 -5 3 -2 -4 2 -4 1 4 -5 -5 -4 1 -4 -5 -3 2 -1 1 -5 -3 -5 3 0 -1 2 1 2 0 1 -2 -2 -5 -5 1 3 -3 1 3 -3 -5 -5 -3 -4 -4 -1 2 4 4 -5 -2 3 -5 1 -4 -1 -5 3 3 -2 3 1 3 1 1 0 1 0 -2 3 -2 2 -2 4 3 -4 -2 0 -1 4 -5 -4 -2 
2 -2 -3 -1 -1 2 -4 -5 -1 -2 3 -1 -4 1 -2 0 3 -2 2 -3 2 -5 -5 -3 3 1 1 1 0 -4 0 0 2 3 3 3 -1 2 -2 -4 3 3 3 -4 -5 2 -2 -4 -2 1 -2 -5 0 -1 3 -3 0 -5 3 -5 3 0 -3 -2 4 4 1 -2 4 -3 2 1 1 2 -3 -1 1 0 -5 2 -5 2 -5 -5 -2 -5 4 -1 0 -3 -5 -3 -4 3 3 2 0 2 1 -5 
-3 -3 3 -3 -5 1 2 -5 -5 -1 0 4 3 -5 3 1 -3 1 -5 4 2 -2 4 2 0 -4 -1 0 -4 -4 3 -4 -5 -2 3 -2 -2 -1 -3 -2 -1 -5 1 0 -3 1 2 -2 3 -5 -2 1 -3 4 -2 0 3 4 -1 -1 -3 4 -2 -3 -4 4 -5 -5 2 -5 1 4 0 -3 0 1 -4 -3 -5 0 3 2 -1 -1 -1 -1 -3 0 0 3 1 -5 0 -3 -5 4 3 -4 -5 2 
-5 0 2 -2 -5 0 4 0 -5 -4 -4 -4 -2 1 -4 3 2 3 2 4 0 2 -4 -3 1 -1 3 -4 -3 0 -2 2 -5 1 -5 2 -4 -1 -4 1 -2 4 -5 0 -5 -5 2 0 -1 3 4 -3 -1 0 1 2 -1 1 4 -4 0 1 3 -2 0 -5 -4 3 -1 -2 1 0 -4 2 -2 -1 -4 0 1 2 -1 4 -1 -4 -1 -5 4 -3 4 -2 -2 -1 -2 2 -5 -2 -1 -5 -3 2 
-5 3 2 -3 1 -5 2 1 1 -3 3 -1 4 -2 -2 -5 -2 2 -1 3 3 -3 2 3 -2 0 2 3 3 4 0 2 -5 -4 0 4 -3 -2 -5 1 1 4 -3 -4 -3 -3 -2 2 0 -3 -5 3 0 -2 0 -4 -5 3 -4 0 -4 -3 4 -3 -5 2 -5 -1 4 -4 1 3 3 -3 2 1 3 2 -4 -1 3 -2 4 -1 1 0 -2 -1 -1 -3 2 -1 -5 1 1 0 0 1 -3 2 
-5 -2 4 2 2 -4 -3 -2 -5 1 -1 -2 0 3 -1 3 -4 -4 -1 -5 -3 4 3 3 2 3 4 -2 0 0 -5 0 3 -1 2 2 2 0 -1 0 -4 -2 2 3 -3 -3 2 1 4 -2 3 -5 -5 -5 -2 -5 -4 1 -1 -2 3 -5 3 0 4 2 -2 0 2 -3 -2 2 2 -1 -5 4 1 2 4 0 2 -5 -1 -2 -3 -2 2 -2 3 4 3 -3 -2 -3 3 0 -4 0 -1 3 
3 1 1 -1 -4 3 -2 0 -1 -4 1 4 2 2 -1 4 -5 -3 4 2 -5 -3 3 -3 4 3 -2 4 -4 -2 -2 -3 -1 0 -5 2 -3 3 -4 1 4 -4 -4 -1 3 -2 0 -5 -4 -1 -3 3 0 1 -5 -3 3 -2 2 2 3 -5 -5 0 4 4 1 2 1 -5 4 3 3 -3 -4 -3 -3 3 1 0 0 2 0 0 -5 -5 4 -4 -4 2 -2 3 1 4 -3 4 -1 -2 0 -5 
0 -5 -5 1 0 2 1 3 -1 0 2 3 2 -3 -4 -3 0 -3 -1 -3 -2 -5 3 -4 -4 -2 2 -2 -1 4 4 -4 1 1 -1 -4 -4 1 0 0 -4 3 -2 0 3 -1 4 1 -2 2 -1 0 -2 3 -2 3 1 0 2 4 3 -1 -2 2 1 -2 0 4 -1 -5 -3 1 -1 3 0 3 -3 -1 3 -4 3 3 4 1 1 0 2 4 1 2 1 3 -3 1 1 3 1 -4 0 -4 
1 -3 -2 3 -3 -1 0 3 4 -3 -1 -2 4 -5 -1 3 -3 0 0 4 -2 2 -5 4 -1 1 -1 -1 1 2 4 -3 -4 -4 -3 2 4 2 -1 4 -5 -5 2 4 4 -2 1 1 -1 3 -3 1 -3 -2 -3 1 4 4 -4 -4 3 0 -2 1 -3 -5 -4 -5 -4 -3 2 -4 4 0 -2 -1 0 -5 -1 -5 -2 -1 3 -3 -5 3 3 1 -2 4 -4 -5 2 4 -4 4 -5 0 -4 -2 
2 -4 -1 -2 -4 -1 3 -2 4 -5 -3 -4 1 1 2 -2 -3 4 -2 -2 2 4 4 0 0 -2 1 -1 -1 -1 4 2 -2 4 -2 -2 0 4 2 -1 -3 -1 0 0 4 -3 3 -1 -5 -5 -5 2 1 -4 2 3 0 -4 -2 -3 3 1 3 -5 3 0 0 1 0 -5 -2 -1 0 -1 -3 -3 0 -5 -4 1 -3 4 3 -1 -2 3 1 -4 -5 4 1 1 -1 4 4 3 -3 -2 0 -5 
-2 -5 -3 -2 4 3 3 -4 -2 -4 -3 0 4 4 3 3 4 1 -3 -5 -1 4 0 2 0 -1 -5 -1 -3 2 -1 2 3 -5 -3 -3 -4 -3 1 3 -5 4 0 -1 3 -4 -4 -4 -2 -5 -1 1 -5 0 -1 3 4 4 -1 -1 -5 -5 2 -2 0 -3 -4 3 -2 -4 -5 -2 -4 2 -4 -3 -2 -1 1 0 -1 -1 3 -5 4 -5 -3 -5 -5 -2 -2 -1 -4 -5 3 -5 0 -2 3 3 
3 3 -2 3 -5 2 -5 -1 -4 -4 -1 3 3 1 3 1 -1 4 2 0 -3 -1 0 0 0 -4 -5 -5 -2 1 -1 -3 -4 -5 -3 4 -5 1 -1 2 -5 -4 -4 3 -3 -5 -4 0 3 -1 -2 0 4 -2 1 0 -4 4 -4 -4 1 -3 1 1 2 3 1 3 2 -4 -4 -3 0 2 -3 -1 -3 4 1 2 3 1 4 -1 0 -1 -3 -1 -4 3 -1 -3 3 3 -4 -4 -2 3 -3 -2 
3 1 0 -3 1 4 1 3 2 -4 -1 -3 -5 -3 0 -4 -3 -5 -3 0 1 -3 -4 4 2 4 0 -4 0 -4 -4 4 -3 0 1 2 3 2 -3 4 -5 0 0 -1 -5 -1 -5 3 1 -4 1 2 -2 2 -3 2 -4 -5 3 3 -3 0 4 1 -5 -5 -4 2 -2 4 1 -4 -5 -1 -5 -1 3 1 1 2 -3 4 3 4 -1 -5 2 4 2 -4 3 -4 1 -5 -4 -3 3 -4 -2 4 
-3 4 0 4 -1 -4 0 -1 -4 0 -1 -5 -1 -2 2 1 1 3 0 2 -5 2 -3 -4 2 4 4 3 1 -1 0 -1 4 1 -1 3 -2 0 3 -5 0 -2 -1 -4 1 2 2 2 0 0 4 2 -4 -5 -5 4 0 -1 3 -2 0 4 -2 -2 -1 3 -3 -4 -4 1 1 -3 -4 -1 1 1 4 2 1 -2 -4 -5 -4 -5 2 1 -3 2 2 2 -4 2 -4 2 2 -2 0 0 4 -2 
-2 -5 -5 -2 -5 -1 1 1 3 3 2 2 4 -4 4 2 2 -4 1 3 2 -1 2 -3 0 -2 0 2 2 3 1 -4 0 0 -4 -1 -5 -2 -4 -2 4 -2 -5 0 -3 1 -4 1 -1 -4 1 2 2 1 4 2 -4 3 -2 -4 4 1 4 -5 0 -3 -5 -2 -2 2 -2 -1 1 3 3 2 -4 -3 -5 2 2 -1 -3 3 3 4 -3 3 -5 -3 3 -5 2 -3 3 3 -2 3 -4 -2 
-2 0 -3 3 -4 0 -5 -5 -5 2 1 2 4 3 -2 1 -5 0 1 2 1 4 3 2 3 -4 -1 1 3 -5 -3 -5 4 0 -2 2 2 4 -5 3 -2 -1 4 1 -4 -4 -2 1 -4 -3 1 2 2 -4 -1 4 -5 3 4 -4 -3 1 3 -3 0 4 -2 -5 -1 -3 0 3 4 4 -1 -2 2 3 -2 3 -1 -1 0 -1 3 -3 -4 -5 -2 -2 0 3 2 -3 4 -4 -5 2 -5 -4 
4 0 2 1 -4 -5 3 -4 4 3 0 0 -1 0 1 3 -4 -5 -2 -4 3 -2 -2 -2 4 -1 -3 -1 0 0 4 -4 4 -3 -5 2 1 1 1 2 0 -2 1 1 -3 0 3 0 -4 -3 -2 -2 -4 -1 0 1 3 4 -2 2 -5 -4 -3 2 3 4 -5 -1 3 -3 0 0 -3 4 -4 -1 -4 -2 -1 -4 -3 1 3 3 -3 -3 -4 -1 -1 -3 -5 -5 -3 3 1 -3 -2 -1 -4 -4 
2 2 0 0 2 4 -2 -3 -2 2 -2 4 4 -4 3 -5 -3 2 -5 -5 -4 4 4 -1 -1 -2 -2 0 2 4 -2 -1 2 -1 0 4 1 0 -4 4 -1 2 1 -1 -4 -2 -2 -4 -4 -3 1 2 -2 4 -2 -1 -1 4 0 0 2 0 -5 0 3 -2 -5 3 -1 4 2 4 3 -2 -3 -2 -2 -1 -4 3 3 2 -1 0 -1 -5 -2 1 2 1 -4 1 -1 4 -1 -5 -2 0 -1 2 
4 -2 1 0 3 -5 2 1 -5 -5 2 4 4 2 -5 -2 -1 -1 0 -5 2 3 -5 2 -1 0 -4 -2 -1 2 3 2 -5 2 0 -3 -3 4 4 -2 3 1 4 -1 -4 -4 1 -1 -2 -1 -2 -1 -3 4 -1 2 1 2 0 -2 2 1 1 -2 1 -4 -5 1 -3 3 -4 -1 -5 1 1 -3 1 -5 -2 0 1 -4 2 -4 -1 -5 1 -1 2 -1 -3 -5 -4 1 2 1 -2 -3 3 -4 
0 -4 1 -2 4 -5 -5 0 -3 2 3 1 1 -4 2 -5 1 -5 -5 -4 0 -2 -2 3 -2 3 -2 -3 2 2 -5 -2 -3 -4 2 -1 0 4 3 2 -1 0 1 4 0 -3 1 -4 -5 -2 4 -2 2 2 -2 -5 -1 3 0 3 1 0 2 1 0 2 -4 -3 2 2 1 -5 0 0 -5 -5 0 -2 2 -1 -2 3 0 1 -4 0 -1 0 1 -4 1 1 -5 -5 -2 -4 4 -1 -2 -4 
2 1 -2 -2 -1 2 3 0 1 4 -4 -5 -2 -4 2 -1 -3 3 1 4 2 -1 -1 1 2 1 2 0 -3 3 -3 3 1 -1 -3 0 0 4 -4 -1 -2 -3 3 -2 1 -1 -1 2 -2 0 3 2 -4 0 -2 1 -1 4 4 3 -2 3 4 -1 3 4 -2 -2 -1 -3 -2 3 -5 1 4 4 -4 2 -1 -1 -4 -3 -1 -2 1 -5 0 -2 1 4 1 -2 2 4 -4 2 -5 -4 3 0 
-3 -5 3 2 0 0 3 -3 -5 -5 3 3 -5 0 0 4 4 2 0 2 -3 0 -3 2 -3 -2 3 -2 -3 -5 -3 0 -3 -2 -5 -3 -1 -1 4 3 -3 3 2 -3 -2 -5 2 -5 -3 3 3 2 -5 -4 4 1 1 -1 2 0 -2 4 0 4 -5 -2 -3 0 1 0 4 3 -5 -3 -2 -3 2 2 1 0 3 1 -4 2 4 1 2 4 -4 4 -2 -4 1 2 -5 3 -3 -1 1 2 
-1 4 -5 -2 -3 1 1 3 -4 -1 -4 -2 4 -5 3 0 -2 -5 0 2 -5 3 0 -4 2 4 -1 -2 -4 -5 0 3 -1 -2 1 -5 2 2 4 -4 2 -1 1 1 0 -4 1 -5 -5 -4 1 0 -1 -5 -3 -5 1 0 1 -1 -2 -4 3 -3 1 3 4 3 3 3 -3 1 0 1 3 -1 4 -1 -5 -4 -1 -4 -1 -5 -5 2 2 1 4 2 0 -3 3 2 4 1 4 -5 -5 -5 
-4 2 -3 -1 3 -4 -1 -2 0 -1 -3 -5 -5 1 0 0 -2 1 -4 -3 0 1 4 2 -2 -4 -2 1 -2 3 4 1 -4 -1 1 0 -3 -1 -3 3 -1 -3 -3 -1 -3 3 -3 -5 4 3 -4 4 1 1 0 2 0 4 4 2 -5 0 4 4 -3 1 0 -5 3 1 0 2 0 -3 -3 2 1 -5 -3 1 -4 4 2 0 2 -2 2 2 3 -5 -5 1 -2 -2 3 4 -2 -5 2 -5 
4 -4 2 -4 2 3 -5 2 -2 -4 -3 -1 -4 -5 -3 3 2 -3 3 -1 4 4 -5 2 2 3 -1 3 -5 1 -4 -5 1 2 4 0 2 -3 -4 -2 -3 -5 1 -1 4 0 -4 -1 4 0 1 -4 2 -4 1 -5 2 4 -2 -1 -5 3 -1 -5 3 -1 4 3 -5 -5 0 4 1 -4 1 3 2 4 -2 4 3 2 -3 -5 2 -3 -3 4 -2 -4 -5 3 -5 -1 2 0 -5 4 -5 3 
-4 -2 -2 0 4 4 -5 -5 0 0 -5 -4 2 0 -4 3 0 4 4 -5 -1 -3 2 3 4 1 4 -2 -3 1 -1 4 3 -2 -1 -5 -2 4 3 -1 1 -3 -4 -2 0 -4 -1 -2 -4 -1 -3 -4 -5 2 -5 -5 -2 -2 4 -2 1 4 0 2 -2 2 4 -2 -5 -4 -3 4 1 0 -5 -2 -3 -4 3 -4 -2 -5 -5 0 1 -2 -5 4 1 0 -1 1 -1 -5 4 3 -4 -5 1 -3 
-1 -2 3 0 -5 -1 -5 -2 -5 -2 2 3 -1 -3 1 -1 -4 -4 -1 -5 4 -4 1 -5 -5 -5 -1 2 -5 -3 0 -2 4 -2 -3 -3 3 0 -5 0 3 4 3 0 3 -4 3 0 3 0 -2 -1 -4 -5 1 1 0 -5 2 3 2 -2 -2 2 -5 0 -4 3 -3 4 1 -1 -2 3 -3 -5 2 4 3 0 -5 -1 -1 1 0 2 -2 1 4 -4 -2 2 3 -2 -1 2 -2 0 3 2 
-4 1 3 0 3 0 4 -1 3 1 2 1 1 -4 4 2 1 2 4 3 -5 -4 0 -4 -1 2 -1 2 4 2 -5 -4 -3 2 -2 -4 4 4 -5 -5 -4 -4 -2 1 -5 0 -4 -5 4 2 -1 -2 -2 -5 0 -2 -4 -3 1 -4 0 3 3 -1 3 -2 -2 3 -5 2 -4 -3 3 4 1 -5 -3 -4 3 3 -5 -4 -4 2 -5 2 1 1 0 3 4 -1 -5 -4 -2 2 2 -3 -3 -4 
0 3 -3 0 -2 -4 2 0 -2 2 -5 0 3 4 3 2 -3 1 -4 -1 3 -5 -1 -1 0 4 -5 1 -2 -2 4 3 0 3 4 1 -4 1 -2 0 0 1 -5 3 -4 3 -4 -1 1 3 -5 1 -5 3 1 1 -5 -3 4 3 1 -2 4 3 -2 -4 -2 1 -1 -4 -3 2 -4 3 0 -4 0 -4 0 -2 2 0 1 1 4 1 1 2 1 3 -2 0 2 3 2 -1 2 2 -1 4 
-3 4 -5 2 0 -4 1 -1 1 4 0 -5 3 -5 -1 -5 1 1 3 3 -4 1 -5 2 -1 -3 -1 -1 -2 4 3 0 -5 0 4 1 2 -2 2 2 4 -2 3 4 2 -2 4 -3 -1 -5 1 4 0 1 0 0 1 -4 4 3 -4 -1 -4 -3 2 -1 -2 -5 3 -1 -4 4 -3 1 -3 -4 4 1 -1 -5 -2 4 -5 4 2 -2 1 -3 -1 -3 -1 -3 -4 0 1 -3 -1 -4 -2 -1 
3 -2 -4 2 0 -2 2 -1 -2 4 4 -1 -2 4 4 -3 -3 1 0 -3 2 -3 -4 1 -5 4 1 2 -5 -4 -3 -4 -5 -1 0 3 -2 -5 -5 -2 -2 0 4 -1 -4 -4 -3 -2 -1 -3 1 3 -3 3 4 0 3 2 -2 4 -5 -5 1 3 0 2 -3 0 1 4 3 -2 0 3 0 1 -4 -4 -1 -1 -3 0 4 -4 -2 0 -1 -3 -5 -2 -4 -3 -4 -2 0 4 -4 0 -1 -5 
1 -1 3 1 -5 1 -3 -2 1 -5 2 -3 2 -2 -1 -3 -3 2 2 -4 -1 4 4 -4 -1 3 2 -4 3 3 4 3 -4 1 -5 2 3 -1 -2 -2 -3 -5 -3 1 3 3 -5 -3 0 -2 3 0 -5 1 3 -2 -1 -1 3 -2 3 1 -3 -3 -4 1 4 2 -1 -5 1 2 -4 3 0 3 0 0 2 4 2 4 4 -4 -1 -5 3 -1 -3 4 3 -3 -1 0 4 -4 4 1 -5 3 
-3 4 2 -5 4 1 -4 0 4 -5 -1 3 -2 3 0 -2 -1 -4 3 -3 1 4 -5 0 1 -3 4 2 3 3 -2 1 1 -3 -3 -1 -1 0 4 1 3 4 0 -4 -1 -4 -2 4 2 1 1 2 0 2 2 -2 2 1 -5 3 -5 1 3 2 -5 0 0 4 3 3 -2 0 2 0 4 1 -3 2 -4 3 4 -5 4 1 4 1 4 1 -2 0 1 1 0 -4 4 3 0 -3 -4 0 
-1 1 0 4 1 -2 3 -2 1 -3 2 0 -3 -2 4 0 -2 3 0 4 0 3 0 -4 4 3 4 -2 -1 1 3 3 1 -4 2 4 1 -5 -5 -1 3 4 -4 -3 -1 -3 -2 0 -5 -1 -4 -1 -5 -4 -4 -2 -1 -5 3 -2 -3 1 3 1 -4 -5 -1 -3 -3 4 -1 -1 0 -1 3 4 -1 2 -5 -2 -2 3 -4 1 4 3 2 -3 -5 -3 4 -5 -4 3 -3 3 -5 2 -4 1 
-5 -1 -3 -1 4 -1 -4 0 0 3 4 0 0 -2 4 3 3 3 -1 0 -3 -1 3 -4 0 -4 3 2 -1 -2 -1 -3 2 -1 2 3 -4 3 -1 -3 -5 2 0 -1 4 -3 -4 2 -4 -4 -2 -5 0 -2 3 -4 -2 4 2 -5 -1 -1 -2 1 1 -2 -3 -1 -2 3 2 -1 -5 -1 -3 3 -2 0 2 -2 -2 -3 0 -1 3 0 1 -5 2 3 0 1 -2 2 2 0 -2 3 -5 -5 
-4 3 -1 1 2 -2 0 -3 0 -2 2 -1 -5 4 4 -4 1 -5 -3 1 0 -2 -4 -4 4 -5 -1 4 4 -5 -3 -3 0 -2 -3 3 -2 -5 -5 -1 4 -5 -4 -3 -3 -3 1 -1 4 -5 -1 -4 -4 -1 -1 0 0 3 2 -5 0 0 1 -1 -3 4 -1 -2 -2 4 -5 -1 -5 -2 3 4 0 4 2 -4 -5 2 -2 -3 -1 1 2 4 1 -5 2 -4 -1 4 1 -3 -1 -1 1 -1 
-4 -1 -1 -4 4 -5 -5 -3 -1 -5 1 -3 1 -5 0 -3 4 2 -4 2 -4 -5 -2 -4 3 -4 1 2 -4 2 -2 2 -5 3 0 1 4 -5 -2 -4 2 -5 2 -5 1 2 -1 1 -4 -5 2 1 3 4 -3 2 0 0 1 -2 2 2 4 3 -4 -5 2 1 3 4 -5 -3 -2 4 3 0 -5 4 3 -3 3 -4 -2 -2 2 -1 -5 -1 4 1 -4 0 2 -3 1 4 -4 -1 -2 -5 
-2 3 -1 1 3 -3 2 -1 0 -3 0 3 0 0 -4 -5 -2 4 -2 -3 -4 0 -1 -3 -5 -2 4 -1 0 -1 3 -1 0 -5 -5 -2 -4 -4 -3 4 -5 -5 0 0 3 3 1 -5 2 -2 4 -3 4 -5 3 0 -2 3 -2 3 0 -5 -3 -1 1 -3 1 -5 4 -5 -4 1 -2 -3 -2 -5 -3 -3 -2 2 1 4 2 4 -4 -2 1 -5 4 -5 1 -3 0 -1 -2 -3 -1 -2 -3 4 
0 4 -1 2 -2 4 -3 4 -5 -5 3 -1 2 0 -2 -1 3 -1 -3 3 -4 1 -3 2 -5 3 -2 -3 -1 -4 0 -5 -5 3 2 -4 2 4 -1 0 1 -1 -5 -1 2 0 0 1 4 -3 -2 -5 -2 0 2 1 -5 2 -4 3 3 -4 4 -4 0 -3 -5 0 0 0 3 -5 -2 -2 -5 0 2 1 4 -3 -1 2 -5 -5 3 4 3 1 3 -5 -2 -4 0 -4 3 -5 4 3 -2 1 
0 -4 2 -4 4 3 -5 1 -5 -4 0 -3 -2 3 -4 -4 -2 -1 -5 -5 3 0 -1 0 -4 2 -5 -1 -2 -3 4 -2 3 0 0 -4 -5 -1 4 -3 3 -5 -4 -1 3 -2 0 -5 3 0 2 -5 1 -3 -1 4 3 -2 0 3 4 -2 4 -5 -2 1 -1 -5 -3 4 -4 -1 4 -5 4 4 -4 0 4 0 -1 0 4 -4 -4 -3 3 0 1 -2 3 2 1 0 -2 4 -2 2 -2 2 
4 4 -5 2 0 0 1 0 -3 -4 -1 -3 4 -2 -5 4 2 -5 3 1 -5 -5 -5 -5 -5 2 -1 3 -2 2 2 0 -3 -2 0 2 0 -3 2 3 3 2 4 2 4 2 2 -1 -5 -2 4 -2 -3 -3 -4 4 2 -2 1 -3 -4 1 2 -3 -5 0 -5 1 0 0 -5 3 0 3 3 4 -2 -4 2 4 -4 -3 -3 2 2 1 -4 4 4 -5 4 1 3 -1 -2 3 3 4 -5 -3 
-2 4 -1 -2 1 -2 2 -4 -4 -1 -4 -4 -1 -2 -2 -1 0 0 -4 0 1 2 4 -5 1 1 3 -5 -1 3 -4 1 2 3 -1 -4 -4 1 4 -1 -1 0 -2 3 -1 3 -4 -1 -5 -5 1 3 -4 -2 2 -4 -4 3 1 1 3 3 -4 -5 2 -4 0 1 3 -3 -5 -5 -2 4 -4 -3 -3 -4 0 -5 3 3 -2 -1 0 4 -2 -3 -1 -4 -5 2 1 -3 -2 0 1 2 -5 -3 

4 -2 -1 2 -4 -4 1 1 -3 2 -3 0 3 -4 -3 1 -4 -2 1 4 -1 4 -1 -5 1 4 -1 -2 3 3 1 -1 4 2 -5 -1 2 1 -3 4 3 -5 1 4 -4 2 2 3 -3 -4 -1 -5 -3 1 1 1 3 -4 -2 -2 -4 0 0 -1 -2 -1 -1 -3 -4 -1 0 3 3 -3 -2 4 2 1 -4 -2 -4 0 -1 0 2 4 -4 -5 -5 -1 4 -4 -2 -3 -4 -2 2 4 3 4 
2 -5 2 -4 0 -3 -1 0 -1 -2 3 -4 4 4 3 -1 3 0 3 1 0 -5 0 3 1 3 -3 4 -4 -5 3 1 4 2 -4 -2 -2 4 -4 4 -5 -2 -5 0 -2 -1 -3 -1 0 -2 0 1 -2 4 -3 -1 -5 2 0 1 -5 -1 -2 1 0 4 4 -2 -2 4 1 -4 1 -4 2 -2 4 -3 -4 2 -4 3 0 0 2 1 -3 -4 -3 -2 -2 4 2 3 -1 1 0 -5 -5 -5 
-1 -3 -5 4 -4 -1 4 3 2 3 1 -1 -2 0 -1 -4 2 1 -4 -3 -5 3 -4 -3 2 0 2 4 0 -2 -3 4 -1 -4 0 -3 -2 4 -4 2 -2 0 0 -5 -4 -3 -3 2 -3 -1 0 0 -5 -1 4 -2 3 -2 0 2 -4 -1 0 -1 -4 2 3 -1 -5 -5 -1 -4 0 -4 -5 -2 4 2 -5 1 -3 2 2 -3 -2 1 -5 2 -1 -5 3 3 -3 1 -4 0 1 4 0 -2 
0 -3 -5 -2 4 -2 -5 2 -5 3 1 -5 0 -4 -3 0 -1 0 4 -2 1 1 4 0 3 0 4 -3 1 -4 2 3 1 -5 -1 0 4 -1 1 -5 0 -3 -2 -1 2 -5 -1 -5 0 4 1 0 3 1 -3 -2 1 2 -4 -3 -5 2 -1 3 -5 -3 -3 0 -5 -5 -1 -3 4 -2 -3 -2 -3 4 -5 3 2 4 -2 -2 3 -5 -5 -1 -1 -1 -1 -2 3 0 0 -4 -5 -1 2 -4 
0 4 0 2 -1 -5 4 2 -5 -5 -4 3 -1 4 -2 -5 -2 -1 1 -5 0 -5 2 1 0 -2 -5 -3 2 4 0 -3 -5 -4 -3 3 0 0 -5 -3 -2 0 -2 -3 -2 1 -2 4 3 -1 -2 -2 -2 -3 -2 -3 0 -4 3 -4 4 -3 2 4 -2 -5 3 3 0 4 4 3 -3 0 2 -1 1 -5 -4 -4 0 1 3 3 4 -2 -4 2 -3 2 -5 2 -3 -3 -4 -3 2 -4 2 -5 
2 1 1 0 4 -3 2 3 4 2 1 3 -4 -2 -2 -1 -4 -2 -5 -5 -3 -3 0 -2 0 4 -4 -5 -4 -2 4 1 0 -4 -5 0 4 4 -3 -3 0 -3 -2 -2 3 -5 4 -4 -5 4 3 -5 3 -2 -4 -4 -4 2 3 -5 4 4 -2 -3 -1 3 -2 -3 4 -1 1 -4 -4 -3 -4 -4 2 -4 -5 2 4 -2 3 -1 -1 -2 0 4 2 4 1 -3 -5 2 4 4 -5 -2 -5 -4 
2 3 -3 -4 -4 -4 -4 -1 4 1 1 4 4 4 -4 -5 1 -5 4 -3 -1 -3 -3 3 3 -3 -4 -1 2 2 1 1 -5 1 -3 -1 1 0 -1 -5 -3 -5 2 -5 -4 -1 2 -3 -5 -4 -4 -3 -2 1 0 -1 -1 -3 -4 4 -3 -1 0 -4 4 -3 -4 2 1 0 0 -5 3 -3 2 1 1 -2 3 -4 3 -4 -2 2 1 -3 1 -4 2 3 4 1 1 4 -1 3 2 1 -5 -3 
-4 -4 4 1 -5 -4 -5 1 4 -1 -5 -4 -3 3 0 -4 3 3 2 1 3 4 1 3 0 -3 4 -1 -1 2 3 -5 -2 0 -3 -5 -5 -1 4 2 4 -2 -1 -2 -1 -3 -2 -3 -4 -4 -4 -5 0 -2 4 -5 -4 -5 -3 2 3 -4 0 -3 -1 -1 2 4 -3 1 -1 -3 -4 -1 -5 -2 -1 -2 -5 2 -5 -3 4 -1 -5 -3 4 -1 -4 1 -3 -4 1 0 -3 0 2 -1 -1 4 
-5 -4 -5 -1 2 1 -1 3 0 -5 -4 -1 -1 1 3 0 3 -3 0 -2 -2 -2 -5 4 4 1 2 3 -4 -3 -4 -3 3 -3 2 2 4 4 0 3 -5 0 1 -5 -3 4 0 3 -3 4 3 -3 -5 -5 -5 -2 -1 4 1 -5 2 2 1 4 4 4 2 -5 0 1 -5 -5 -4 1 -1 -4 4 2 2 0 2 1 4 0 3 -2 -1 -1 0 0 -4 -1 1 4 -3 -3 -3 1 4 3 
1 3 2 -5 2 1 1 -1 1 -5 2 4 -1 -1 4 -2 3 -3 2 -3 -3 3 -3 -1 2 1 -5 2 -1 -5 1 -2 3 -1 -3 2 3 -1 -4 -4 2 -1 1 0 -1 0 -2 -5 -4 -2 0 -5 2 3 0 1 -5 -2 -2 3 2 -2 3 1 4 -2 -3 -3 4 3 -1 -3 2 -1 2 -3 -3 4 3 -3 3 1 -3 -3 -2 -5 1 3 -4 -5 4 2 3 -2 0 3 -1 3 2 -5 
-5 -1 2 1 1 -4 -5 -5 3 4 -4 -3 3 1 -5 -5 -4 -2 -5 -5 2 1 0 -5 -4 -5 -5 -1 0 4 4 -5 3 -5 -1 2 1 -2 -4 2 -1 -5 0 2 3 -5 3 -5 1 1 0 1 -5 1 -3 2 2 0 -1 2 -2 -3 -3 -4 -1 -1 0 -3 -3 -5 2 0 4 4 1 -5 3 -1 -1 -2 2 -5 -5 -3 -1 -5 -1 2 2 -5 2 2 -1 0 4 4 3 -2 1 -1 
-4 -1 -3 -3 -3 3 0 -1 4 -5 -3 -4 -2 -2 -2 -4 0 -1 -2 4 -1 1 0 -4 1 4 2 -4 2 -2 0 -5 2 2 0 1 1 -2 2 -5 -3 -2 -3 -1 -3 -2 2 4 -4 -1 2 -5 4 2 -3 -4 2 -1 -4 -4 -4 -1 -4 -1 -3 1 0 0 -1 -3 -3 -5 -4 -4 -5 -5 -2 -4 -5 -4 2 1 3 3 1 -5 0 -5 -4 -1 -5 -1 4 4 -1 -1 -3 3 -1 1 
4 -4 -2 1 2 -5 1 -5 -1 3 0 -1 2 -3 -3 -2 4 -5 -4 -5 -5 3 4 0 -5 -2 4 2 -2 -4 -4 3 -1 1 4 0 -4 4 -1 0 -4 -1 4 -4 -3 2 4 1 3 -5 -4 -3 -4 0 4 -3 -3 -3 4 0 3 1 -4 0 2 -5 0 0 2 -1 -1 3 3 -4 3 -5 -5 4 -4 -2 -1 4 4 3 2 -1 0 -4 2 -2 3 2 -2 -3 -4 0 -4 1 -3 4 
-1 0 -5 0 -4 1 2 -3 -4 3 -1 -4 -4 2 2 1 -1 -3 3 -2 -4 -1 -1 -5 0 -3 -3 1 -2 4 -1 -4 2 -1 1 -4 3 0 -1 -4 -2 -5 4 -2 -2 -2 -5 2 -5 3 -5 0 2 1 0 -1 -2 3 -1 2 1 2 3 4 -5 2 4 -2 0 -5 -3 -1 0 -3 3 -5 -4 1 -1 -5 -3 -5 2 -4 0 2 -3 2 3 -5 -5 1 -4 -3 2 0 2 0 -5 3 
-1 2 -4 1 -2 4 -5 1 4 -3 3 -5 -1 -4 1 -3 2 3 1 -3 2 0 4 -1 0 2 2 -5 2 2 -1 0 -1 0 -1 -3 -4 -3 -3 -3 -1 -3 -4 -1 4 -2 2 4 2 -1 -1 -1 1 3 -1 4 -1 -4 4 0 -5 -1 -5 -2 -5 -4 3 -4 -2 2 -3 4 -3 0 4 -3 -1 -3 -2 1 0 -4 0 -4 0 -5 4 -5 -1 -1 -5 2 1 -2 2 4 3 4 3 3 
-4 -1 -4 -2 -1 -4 1 -3 -5 3 1 -2 -4 -1 -1 1 -3 2 4 4 -5 4 -4 -1 4 -5 -2 -1 0 0 -2 2 -2 -5 4 2 -1 -4 -5 1 -5 3 -4 2 1 2 2 0 -2 2 4 0 -2 -5 -2 -1 1 4 -3 0 -2 4 -4 1 -1 -3 -5 -5 2 4 3 3 -2 -2 2 0 0 0 -4 1 2 -2 2 0 1 3 -2 -2 2 -2 2 3 -1 -5 4 1 1 1 2 -2 
3 0 -2 -4 2 3 -1 4 -1 2 -5 -3 -1 -1 -1 -5 -3 3 0 4 -1 3 2 4 -4 -5 4 -2 0 -5 2 -2 2 3 -2 2 1 4 2 3 0 -1 -1 -2 4 -5 2 3 4 3 1 -4 -2 1 -3 -2 1 1 4 -3 1 1 -4 4 0 2 1 0 -2 1 -5 2 -3 -3 2 -2 -4 4 3 2 -5 1 -1 -3 1 2 -4 2 -3 2 1 3 -3 -3 -5 1 0 4 4 -4 
-4 0 2 2 -3 -1 2 1 -3 -3 -4 0 3 4 4 -1 -1 1 -1 0 -5 2 -3 3 0 4 1 -1 -5 -4 2 -2 3 1 -2 -3 -2 -1 2 -3 4 4 3 4 4 -5 -4 -4 0 0 -2 0 3 -1 1 -5 -3 -2 1 -1 2 1 -3 -5 -3 3 -1 -1 2 -3 -5 -4 0 3 3 -3 3 1 -5 -4 -1 -5 0 0 -1 3 -3 -4 0 -1 -2 -2 1 2 3 -4 4 -3 2 -5 
-5 -5 -3 -1 -2 0 1 -3 -3 -3 4 -1 4 1 4 -1 3 -2 4 -3 3 -2 -5 -5 4 2 -4 -4 -2 -4 2 0 -2 -5 -5 4 -1 3 -4 -4 -1 -2 -2 3 -1 -1 -5 4 -2 2 -1 2 -5 2 0 1 4 1 1 -1 2 -4 -4 -3 0 -4 -5 -3 0 2 4 -4 0 2 -1 -4 -3 -4 4 -4 2 3 -3 -4 -4 4 -2 0 4 -4 2 2 4 2 2 0 -1 0 0 2 
3 -5 -5 -1 -2 0 -3 -4 -1 -4 -4 4 -2 3 -1 1 1 4 4 4 -2 -3 4 3 1 4 -5 3 3 -1 -1 3 -4 -5 0 -1 -2 2 -3 -5 4 -5 -1 1 2 2 0 -1 2 -4 -2 0 -3 -2 -5 1 2 -3 2 -2 -4 -5 3 0 -4 -5 -2 0 -4 -2 1 0 -2 3 3 4 1 -5 2 -1 0 2 -1 3 0 4 3 4 -2 -2 -3 1 -2 0 1 -4 2 -1 -2 2 
2 -3 -3 1 -3 -5 -1 -1 1 -5 -3 3 -3 -3 0 1 -5 4 -1 -5 2 -3 -5 3 -3 -4 -2 2 -1 -2 -3 -1 4 2 -4 -3 -5 4 1 -4 -5 0 1 -4 0 -1 0 -3 0 -3 -4 1 -1 0 4 -3 -3 2 1 -4 -1 -3 0 2 3 4 2 -1 0 2 1 2 -2 -4 -1 -3 4 4 -3 3 4 -2 2 -2 4 -5 -2 3 -1 2 0 4 2 -3 4 1 -1 1 -4 2 
-4 4 3 -3 -5 0 -3 -4 -1 -1 -5 -1 -1 2 -3 4 2 -2 -5 -3 3 3 -2 0 4 -2 -3 0 -2 -2 -5 -2 -3 1 -2 0 0 0 1 3 -3 1 -2 -3 2 -1 -4 3 1 -5 -2 -2 -3 4 -2 3 -2 -4 3 0 -5 0 3 3 3 1 2 0 -2 -3 1 -4 1 4 2 -3 2 -1 -3 -3 -2 0 -4 -1 1 -2 3 0 -4 -2 -2 -3 -1 4 -3 -5 1 3 0 1 
-4 1 4 4 -5 -2 -3 2 0 2 -2 -3 -3 4 1 -2 2 4 1 4 -2 -2 -5 0 -3 -1 -3 2 -5 1 0 0 -1 -2 0 -5 4 2 2 4 3 1 -5 2 -2 -5 4 3 -4 2 1 2 -3 3 -4 -5 -4 -3 -1 1 4 -3 -1 0 -3 -1 -4 4 4 -1 0 -1 -3 4 -5 -5 1 -3 -2 3 -4 4 2 0 0 -2 0 -5 1 -5 4 -5 -2 3 -3 2 -3 1 1 -4 
0 1 -2 -3 -5 -5 0 4 -1 -5 2 -5 0 -3 -2 4 -4 -2 0 4 -3 3 -4 -5 2 -1 -5 1 1 -4 1 -3 2 2 -2 4 3 0 1 -5 4 3 -2 4 1 -2 -2 -3 -2 1 4 -1 1 4 -4 3 1 -3 1 -5 -1 2 -3 -4 -1 -1 1 -3 -2 -5 -2 0 3 -5 -2 4 4 2 -5 3 2 4 -1 -4 3 0 -3 -4 -3 4 1 -1 2 -5 -5 1 0 2 -4 -5 
-2 -2 2 -5 4 1 -5 0 -2 4 4 2 -1 1 1 2 -2 3 1 -1 -2 1 -1 0 -4 1 -4 2 -4 -2 -1 -3 -2 -3 -2 -5 -5 -3 -4 2 -2 2 4 -4 -3 -2 3 2 3 -2 4 -3 -4 4 -2 -5 -4 -1 1 2 -1 -5 3 1 4 -3 0 -2 -5 -2 3 -2 0 0 1 -2 0 -2 -5 -3 -2 -1 -3 3 -3 4 4 0 -2 0 1 -2 -2 3 -5 3 4 -2 -1 1 
0 -5 -3 -4 2 4 4 2 -4 4 -5 1 -2 -3 -1 2 3 4 -3 4 4 1 -4 -3 -2 2 -3 -1 3 2 4 0 -4 4 1 1 3 0 -4 3 -3 3 -2 0 -2 1 4 -3 2 3 -2 -3 -3 -1 -5 4 -3 -5 -1 3 -5 -3 3 -2 2 -1 -5 -2 2 4 1 -4 3 0 -5 -3 -5 -2 -4 -4 -4 -5 0 3 2 -2 4 -4 4 -3 -4 -1 -3 2 4 -1 2 2 -3 3 
2 -1 4 1 -2 -4 3 -2 2 -1 -3 -5 1 0 1 -5 1 -3 -3 0 -3 -1 1 -4 4 -4 1 -3 -5 0 -3 -1 -2 2 4 -2 -2 -3 4 -2 -4 -3 4 1 -1 -5 -5 2 -2 -4 4 0 0 -2 -2 0 -2 2 -2 1 1 1 -2 -5 4 4 2 -1 1 4 0 2 -4 0 -5 -1 -5 0 0 -5 3 2 3 4 4 0 -1 4 -5 -1 3 -4 -3 -1 -2 0 -5 -5 1 -1 
-3 -1 2 1 4 -3 -5 -4 -2 -4 1 -4 -4 1 -3 -1 -2 0 -2 4 -4 0 3 2 0 -4 1 4 0 1 2 1 -2 -3 -3 -1 2 -5 4 -4 2 3 2 0 2 0 0 4 0 2 4 2 -1 2 2 3 0 -5 4 -5 -3 0 3 4 -4 0 -3 -5 4 -5 2 -2 3 -5 -2 3 2 -1 -4 -2 -2 1 -3 -1 0 -5 0 4 -5 1 -4 -2 -5 3 1 3 -4 1 -5 1 
3 -3 -2 -4 0 -3 1 4 0 -4 -5 -3 -1 1 -1 1 -4 2 -3 -5 3 2 -5 -3 0 -4 1 -5 1 -4 -2 1 3 -3 0 -4 4 -3 0 -4 -3 -5 4 -2 -4 -5 -1 -3 -2 0 -3 -2 1 0 -3 1 -5 0 -3 2 -1 -5 0 -3 4 3 3 2 -4 -5 -5 4 2 -4 -1 0 2 -5 -4 -1 0 1 0 -5 0 -4 4 2 4 3 3 4 -5 -2 0 -1 -4 -1 -1 2 
2 2 -2 0 3 -2 3 0 -2 -4 4 -5 4 -5 -3 2 -5 -5 -1 -3 -3 -5 4 -3 4 -3 -4 -5 -5 3 -5 -2 -1 2 -3 -3 4 1 -2 -2 -1 -5 -2 -5 0 2 2 4 1 -3 -5 0 -2 -4 -3 -4 -1 -2 3 -3 2 -5 -3 4 -5 3 -3 -3 2 0 -1 2 -1 -5 -5 1 -3 -1 3 1 4 -2 -3 4 -2 -5 0 4 -4 -1 -3 -4 -5 -3 -2 -4 -1 0 -4 2 
-2 -2 -5 -3 -1 2 4 -3 3 -3 -1 0 2 0 2 0 -1 -2 0 4 1 3 4 2 2 3 -1 -2 0 -4 2 3 4 4 -4 1 -5 -1 -5 1 -3 -2 4 4 4 -5 4 -5 -2 2 -2 -2 -3 -2 -2 -3 1 -1 -1 -4 2 -4 -2 4 0 -2 -2 -2 3 -3 3 -5 -1 -4 -3 -2 2 -5 3 1 4 0 -5 -1 3 -1 -2 -1 -2 2 -4 2 4 3 3 0 3 -2 -5 -3 
2 -5 0 -3 -2 1 -1 -1 -3 -1 -5 -4 -3 -3 1 1 -1 3 -3 -5 -2 -4 4 -1 -4 0 -4 1 -3 3 0 -1 -3 -2 1 -4 -4 -4 -4 0 4 3 3 2 -1 -2 -1 0 -1 0 0 0 -2 -5 1 4 4 4 0 -3 0 -1 0 3 -5 0 0 -1 3 0 -1 -3 1 0 4 -1 -1 0 4 -1 -3 4 4 2 -4 -3 -5 -2 4 -5 2 1 1 0 4 -4 3 -3 0 2 
0 3 3 0 -2 4 1 1 -4 -2 -4 1 0 -4 -3 -2 4 1 0 2 -3 -4 1 0 -4 -5 -2 0 3 -1 1 -5 -3 1 -2 -5 -1 2 -4 -5 -4 3 -5 3 -3 -3 0 4 -2 3 -3 -2 -2 -5 -1 -4 -2 1 0 -1 4 -4 -2 0 2 0 0 3 4 3 -4 0 4 -4 2 1 3 -2 4 -3 0 -5 0 -1 -4 -1 -3 -5 -3 4 -4 4 2 -2 -2 2 -3 -3 -5 4 
-4 0 0 3 3 -4 2 -3 0 -1 -2 -4 -4 2 -1 -1 -1 -5 1 -5 4 1 -1 -3 1 -3 4 1 -5 0 -1 -4 3 4 -2 -4 -1 -5 3 -5 -3 0 0 -1 4 -3 -4 -1 2 3 1 0 -5 -5 -4 1 -3 2 2 2 -1 -3 -1 4 -2 1 -5 -4 -4 -4 -3 3 -2 1 3 3 -1 -5 -5 -1 -5 -1 -2 -5 3 -4 -2 2 -1 1 -5 3 4 -1 -4 -1 -5 -4 0 -3 
0 1 -1 1 -5 -1 -4 1 -2 -3 -4 3 4 -5 -1 -3 -5 -3 1 0 0 -4 -1 3 -2 2 -4 -5 4 3 4 4 -1 0 -2 -4 -1 1 0 -5 2 -1 4 -5 4 1 -1 4 3 -5 2 -3 4 -1 0 -1 3 0 2 2 4 0 -5 -2 -3 -1 -4 0 3 3 0 -2 0 -3 1 -4 0 -5 1 3 -2 -4 -1 2 2 -2 -3 3 -1 -2 -4 -5 1 1 3 -1 -4 3 -1 -2 
1 1 -3 4 1 -4 -3 4 2 -3 -2 -4 -2 -1 -5 -4 0 2 -3 3 -2 -4 0 -2 4 -1 0 -5 -5 3 1 3 -4 -4 1 1 -2 0 -5 2 3 0 3 -1 0 -5 3 0 3 0 -5 -2 -3 1 -4 1 1 1 -5 1 3 3 3 3 -2 -3 1 4 3 0 -5 -3 -1 -1 -3 -4 3 -5 0 2 -2 1 -4 -3 -1 -2 4 -1 2 -4 -5 -4 1 -5 -3 1 -4 4 4 -1 
-5 -4 1 2 0 -3 0 2 3 4 2 3 4 -5 -3 0 0 -1 -2 1 2 2 0 3 -2 1 -1 -5 2 -2 -5 -4 1 3 -1 4 1 0 -3 3 -1 3 -1 0 -4 -5 3 3 -1 0 -1 -4 -1 0 1 -1 -3 -2 -3 -5 4 2 4 1 1 -2 -5 0 1 -2 2 0 -4 -5 1 -4 1 0 4 -5 1 -5 -2 -2 2 -3 0 2 2 -2 -4 -4 1 -1 -4 1 -4 1 -2 0 
0 3 3 3 0 -4 3 0 -3 -2 0 -1 4 -1 4 1 4 3 0 0 -3 4 -5 2 3 4 -1 -1 1 4 4 1 -2 -5 0 -3 -1 -5 -5 -4 -4 0 4 -4 3 0 -5 -5 4 0 3 -1 -3 -3 0 -1 -5 -1 -5 2 -4 -5 1 2 0 -1 -2 -5 1 -2 -5 4 -5 -3 1 -2 0 -5 3 -2 -1 4 4 3 1 -5 -3 3 3 1 0 -2 3 2 2 -3 -3 -1 -3 -2 
2 1 0 0 -4 -4 0 -5 -3 -3 -4 -2 0 4 0 -5 2 0 0 -5 1 1 3 2 0 -3 -2 -3 2 -4 -2 2 -5 0 2 -1 -5 1 3 -4 -1 -3 -3 4 2 -1 -1 -1 2 -3 -5 -4 -4 -3 -2 -2 -5 2 -2 -1 -3 -1 0 -2 -5 -4 0 -1 -2 3 -1 3 -5 -5 2 2 4 4 4 -4 -4 -1 -5 2 -5 -2 3 -4 -3 0 -5 -3 0 2 3 4 -1 -3 1 4 
2 -2 1 3 -5 -4 3 -2 2 -4 -4 3 2 -2 -2 -3 4 -5 -1 3 4 3 0 0 -2 -4 -5 -1 -1 -1 -3 -1 1 4 2 1 3 3 2 2 -3 -4 -3 -3 1 3 4 -3 3 2 -3 1 -4 1 -5 -3 -1 3 -3 1 -4 3 -5 4 2 -4 -2 -3 1 -1 0 -5 -2 4 -2 0 -1 2 3 3 0 4 3 0 -2 -3 2 -5 0 2 2 0 4 -4 -1 2 -5 -5 4 2 
3 -5 -1 4 -3 4 -5 2 -5 -4 -4 0 1 -1 1 4 -3 -4 -3 4 3 2 -1 -4 0 -5 -3 -3 2 0 -4 4 3 -1 -1 3 0 -1 -3 2 -5 2 1 -2 -3 4 2 4 -4 4 -5 -5 0 1 0 2 -3 -3 3 1 4 0 2 1 -2 1 -2 -5 3 2 -2 -3 -4 2 -2 -4 -3 -3 -1 -4 -1 -1 -4 4 -1 -1 -4 1 -4 -1 -4 3 -2 1 -4 3 3 1 3 -5 
-3 -2 -3 3 1 -3 -4 0 1 0 -3 0 4 -2 4 -2 -4 3 4 -2 -1 0 -2 -4 0 3 0 -4 2 0 -2 -4 3 -2 -3 -1 2 -4 -2 -4 -1 4 0 0 3 -3 -3 4 3 4 -2 2 1 -3 2 -4 -2 0 -3 -3 0 0 -2 3 -5 -1 1 1 0 -2 -3 3 1 0 4 -5 2 -1 -2 -1 0 4 -3 0 0 -1 -1 0 3 -5 -3 -1 4 -1 -2 2 1 -4 -2 -5 
1 2 4 -1 2 4 1 -1 0 2 1 -4 -1 3 4 4 0 -5 0 -2 4 0 4 -2 -5 1 3 -2 -3 -2 -3 -3 -3 -2 4 -4 -2 4 -5 4 0 3 2 4 2 -2 1 3 -3 3 -5 -1 3 4 3 -5 -5 -4 0 4 0 1 -3 -1 -5 4 0 2 4 -1 4 -2 0 4 1 2 -2 4 -4 -2 3 2 3 4 0 2 4 3 1 4 3 3 -2 -3 -2 -5 -5 4 -1 3 
0 3 -5 -2 1 -3 -4 -5 -3 -3 3 -5 -3 -4 -4 -5 -4 -2 2 4 4 -5 2 3 -1 1 -1 2 -5 -5 -2 -5 -2 2 -3 2 -2 1 -2 -3 -1 -2 4 -3 -3 -1 -1 -4 -5 -4 3 2 -4 -4 3 0 1 1 -2 4 -3 -2 -3 1 -1 1 -5 0 4 4 -1 0 0 3 -2 0 0 -2 -2 4 -4 -1 -3 2 -4 -1 -4 -5 -1 1 4 -1 -5 -4 -4 3 -4 2 3 -5 
-2 4 -2 -3 -4 3 -4 2 -2 -3 0 -5 1 -3 -1 3 1 0 3 -3 4 -1 -1 2 -4 1 -2 0 2 3 -3 -2 -1 -1 3 1 4 -3 -2 -2 -3 0 4 4 -5 -4 -1 -1 2 3 2 1 4 -4 -5 4 2 -1 2 -1 -2 -4 -1 -3 3 -5 4 0 2 -5 1 0 4 -4 0 1 -1 4 4 -4 -1 2 -5 -4 -3 2 3 -2 -1 2 -2 -4 0 1 1 1 -2 1 4 -5 
1 -2 -3 -2 -1 -4 3 -1 2 -4 -3 3 -3 3 2 -1 3 4 2 -2 1 3 -4 4 0 1 -4 -1 -4 3 -1 -4 -2 -5 -1 -4 -5 2 -2 -3 -3 4 0 -5 4 2 -1 -4 -2 4 1 -3 -2 -2 4 4 1 3 -1 -4 3 -4 -4 -4 2 0 -1 2 -3 2 0 -1 2 3 -3 3 -5 1 1 -4 -4 -3 4 1 -4 -1 -3 -3 -3 -1 -3 3 1 -5 -2 4 -4 -4 -1 -2 
-3 -2 4 0 -5 4 -3 4 -2 -2 -1 -3 4 4 -1 -5 -2 -2 -4 0 -5 1 0 -1 4 3 -1 -5 4 2 2 -2 -1 -1 2 -4 2 -4 1 1 0 -4 3 1 0 -3 0 0 -1 4 -2 -3 -4 4 -2 0 -3 -3 -4 3 -1 -2 4 -4 0 -4 -1 -2 -2 -1 -4 3 2 1 -4 -5 3 4 4 -1 -1 -1 -2 0 0 1 4 -2 4 -5 2 -3 4 -1 0 -3 3 -4 3 -2 
1 0 2 3 -4 -3 -4 0 3 -5 -2 2 -4 1 0 2 -3 -3 0 -4 -4 3 -4 2 1 2 -5 -2 -3 1 0 -3 -5 -5 2 -1 3 0 -5 -4 4 3 -1 1 3 3 3 -2 2 -1 1 2 -1 1 1 -2 4 4 4 -2 -4 0 -1 -5 1 -5 3 -4 -1 4 3 -4 4 -1 -5 -5 -2 -2 1 -3 -4 3 2 -2 -5 -1 1 2 3 2 -2 -3 0 2 -3 2 1 -1 4 0 
-3 3 2 3 -4 -2 0 -1 -3 0 -5 4 -4 -3 -2 -5 -4 2 2 0 -2 1 3 -3 -4 2 -4 0 -1 -2 4 -1 0 -3 4 0 4 0 -1 3 2 -3 0 -3 1 3 0 -4 3 0 -3 -1 0 4 -5 4 3 3 -3 0 -3 -5 -5 2 2 -5 3 -1 3 1 2 3 -2 -4 -4 4 2 -5 -2 -5 -1 -2 3 2 -1 4 1 2 3 2 4 -1 3 3 -2 1 -5 -3 3 4 
3 1 3 -2 1 2 -4 1 0 0 -3 -4 -2 -1 0 3 -2 4 -5 -5 3 -1 4 -4 1 4 4 -1 -1 3 -3 2 -2 -4 -2 -3 3 -2 3 1 -3 -1 3 3 2 0 1 4 -2 1 -2 -5 2 -2 4 -1 3 1 4 -5 -1 -4 -3 -2 -3 -1 4 4 -4 1 0 -2 -5 -5 3 4 -5 0 -2 -3 -4 -2 -1 -2 3 2 -4 4 -3 0 -2 -1 -5 -4 -3 -4 -1 4 -2 3 
4 -2 -1 2 -4 -4 1 1 -3 2 -3 0 3 -4 -3 1 -4 -2 1 4 -1 4 -1 -5 1 4 -1 -2 3 3 1 -1 4 2 -5 -1 2 1 -3 4 3 -5 1 4 -4 2 2 3 -3 -4 -1 -5 -3 1 1 1 3 -4 -2 -2 -4 0 0 -1 -2 -1 -1 -3 -4 -1 0 3 3 -3 -2 4 2 1 -4 -2 -4 0 -1 0 2 4 -4 -5 -5 -1 4 -4 -2 -3 -4 -2 2 4 3 4 
2 -5 2 -4 0 -3 -1 0 -1 -2 3 -4 4 4 3 -1 3 0 3 1 0 -5 0 3 1 3 -3 4 -4 -5 3 1 4 2 -4 -2 -2 4 -4 4 -5 -2 -5 0 -2 -1 -3 -1 0 -2 0 1 -2 4 -3 -1 -5 2 0 1 -5 -1 -2 1 0 4 4 -2 -2 4 1 -4 1 -4 2 -2 4 -3 -4 2 -4 3 0 0 2 1 -3 -4 -3 -2 -2 4 2 3 -1 1 0 -5 -5 -5 
-1 -3 -5 4 -4 -1 4 3 2 3 1 -1 -2 0 -1 -4 2 1 -4 -3 -5 3 -4 -3 2 0 2 4 0 -2 -3 4 -1 -4 0 -3 -2 4 -4 2 -2 0 0 -5 -4 -3 -3 2 -3 -1 0 0 -5 -1 4 -2 3 -2 0 2 -4 -1 0 -1 -4 2 3 -1 -5 -5 -1 -4 0 -4 -5 -2 4 2 -5 1 -3 2 2 -3 -2 1 -5 2 -1 -5 3 3 -3 1 -4 0 1 4 0 -2 
0 -3 -5 -2 4 -2 -5 2 -5 3 1 -5 0 -4 -3 0 -1 0 4 -2 1 1 4 0 3 0 4 -3 1 -4 2 3 1 -5 -1 0 4 -1 1 -5 0 -3 -2 -1 2 -5 -1 -5 0 4 1 0 3 1 -3 -2 1 2 -4 -3 -5 2 -1 3 -5 -3 -3 0 -5 -5 -1 -3 4 -2 -3 -2 -3 4 -5 3 2 4 -2 -2 3 -5 -5 -1 -1 -1 -1 -2 3 0 0 -4 -5 -1 2 -4 
0 4 0 2 -1 -5 4 2 -5 -5 -4 3 -1 4 -2 -5 -2 -1 1 -5 0 -5 2 1 0 -2 -5 -3 2 4 0 -3 -5 -4 -3 3 0 0 -5 -3 -2 0 -2 -3 -2 1 -2 4 3 -1 -2 -2 -2 -3 -2 -3 0 -4 3 -4 4 -3 2 4 -2 -5 3 3 0 4 4 3 -3 0 2 -1 1 -5 -4 -4 0 1 3 3 4 -2 -4 2 -3 2 -5 2 -3 -3 -4 -3 2 -4 2 -5 
2 1 1 0 4 -3 2 3 4 2 1 3 -4 -2 -2 -1 -4 -2 -5 -5 -3 -3 0 -2 0 4 -4 -5 -4 -2 4 1 0 -4 -5 0 4 4 -3 -3 0 -3 -2 -2 3 -5 4 -4 -5 4 3 -5 3 -2 -4 -4 -4 2 3 -5 4 4 -2 -3 -1 3 -2 -3 4 -1 1 -4 -4 -3 -4 -4 2 -4 -5 2 4 -2 3 -1 -1 -2 0 4 2 4 1 -3 -5 2 4 4 -5 -2 -5 -4 
2 3 -3 -4 -4 -4 -4 -1 4 1 1 4 4 4 -4 -5 1 -5 4 -3 -1 -3 -3 3 3 -3 -4 -1 2 2 1 1 -5 1 -3 -1 1 0 -1 -5 -3 -5 2 -5 -4 -1 2 -3 -5 -4 -4 -3 -2 1 0 -1 -1 -3 -4 4 -3 -1 0 -4 4 -3 -4 2 1 0 0 -5 3 -3 2 1 1 -2 3 -4 3 -4 -2 2 1 -3 1 -4 2 3 4 1 1 4 -1 3 2 1 -5 -3 
-4 -4 4 1 -5 -4 -5 1 4 -1 -5 -4 -3 3 0 -4 3 3 2 1 3 4 1 3 0 -3 4 -1 -1 2 3 -5 -2 0 -3 -5 -5 -1 4 2 4 -2 -1 -2 -1 -3 -2 -3 -4 -4 -4 -5 0 -2 4 -5 -4 -5 -3 2 3 -4 0 -3 -1 -1 2 4 -3 1 -1 -3 -4 -1 -5 -2 -1 -2 -5 2 -5 -3 4 -1 -5 -3 4 -1 -4 1 -3 -4 1 0 -3 0 2 -1 -1 4 
-5 -4 -5 -1 2 1 -1 3 0 -5 -4 -1 -1 1 3 0 3 -3 0 -2 -2 -2 -5 4 4 1 2 3 -4 -3 -4 -3 3 -3 2 2 4 4 0 3 -5 0 1 -5 -3 4 0 3 -3 4 3 -3 -5 -5 -5 -2 -1 4 1 -5 2 2 1 4 4 4 2 -5 0 1 -5 -5 -4 1 -1 -4 4 2 2 0 2 1 4 0 3 -2 -1 -1 0 0 -4 -1 1 4 -3 -3 -3 1 4 3 
1 3 2 -5 2 1 1 -1 1 -5 2 4 -1 -1 4 -2 3 -3 2 -3 -3 3 -3 -1 2 1 -5 2 -1 -5 1 -2 3 -1 -3 2 3 -1 -4 -4 2 -1 1 0 -1 0 -2 -5 -4 -2 0 -5 2 3 0 1 -5 -2 -2 3 2 -2 3 1 4 -2 -3 -3 4 3 -1 -3 2 -1 2 -3 -3 4 3 -3 3 1 -3 -3 -2 -5 1 3 -4 -5 4 2 3 -2 0 3 -1 3 2 -5 
-5 -1 2 1 1 -4 -5 -5 3 4 -4 -3 3 1 -5 -5 -4 -2 -5 -5 2 1 0 -5 -4 -5 -5 -1 0 4 4 -5 3 -5 -1 2 1 -2 -4 2 -1 -5 0 2 3 -5 3 -5 1 1 0 1 -5 1 -3 2 2 0 -1 2 -2 -3 -3 -4 -1 -1 0 -3 -3 -5 2 0 4 4 1 -5 3 -1 -1 -2 2 -5 -5 -3 -1 -5 -1 2 2 -5 2 2 -1 0 4 4 3 -2 1 -1 
-4 -1 -3 -3 -3 3 0 -1 4 -5 -3 -4 -2 -2 -2 -4 0 -1 -2 4 -1 1 0 -4 1 4 2 -4 2 -2 0 -5 2 2 0 1 1 -2 2 -5 -3 -2 -3 -1 -3 -2 2 4 -4 -1 2 -5 4 2 -3 -4 2 -1 -4 -4 -4 -1 -4 -1 -3 1 0 0 -1 -3 -3 -5 -4 -4 -5 -5 -2 -4 -5 -4 2 1 3 3 1 -5 0 -5 -4 -1 -5 -1 4 4 -1 -1 -3 3 -1 1 
4 -4 -2 1 2 -5 1 -5 -1 3 0 -1 2 -3 -3 -2 4 -5 -4 -5 -5 3 4 0 -5 -2 4 2 -2 -4 -4 3 -1 1 4 0 -4 4 -1 0 -4 -1 4 -4 -3 2 4 1 3 -5 -4 -3 -4 0 4 -3 -3 -3 4 0 3 1 -4 0 2 -5 0 0 2 -1 -1 3 3 -4 3 -5 -5 4 -4 -2 -1 4 4 3 2 -1 0 -4 2 -2 3 2 -2 -3 -4 0 -4 1 -3 4 
-1 0 -5 0 -4 1 2 -3 -4 3 -1 -4 -4 2 2 1 -1 -3 3 -2 -4 -1 -1 -5 0 -3 -3 1 -2 4 -1 -4 2 -1 1 -4 3 0 -1 -4 -2 -5 4 -2 -2 -2 -5 2 -5 3 -5 0 2 1 0 -1 -2 3 -1 2 1 2 3 4 -5 2 4 -2 0 -5 -3 -1 0 -3 3 -5 -4 1 -1 -5 -3 -5 2 -4 0 2 -3 2 3 -5 -5 1 -4 -3 2 0 2 0 -5 3 
-1 2 -4 1 -2 4 -5 1 4 -3 3 -5 -1 -4 1 -3 2 3 1 -3 2 0 4 -1 0 2 2 -5 2 2 -1 0 -1 0 -1 -3 -4 -3 -3 -3 -1 -3 -4 -1 4 -2 2 4 2 -1 -1 -1 1 3 -1 4 -1 -4 4 0 -5 -1 -5 -2 -5 -4 3 -4 -2 2 -3 4 -3 0 4 -3 -1 -3 -2 1 0 -4 0 -4 0 -5 4 -5 -1 -1 -5 2 1 -2 2 4 3 4 3 3 
-4 -1 -4 -2 -1 -4 1 -3 -5 3 1 -2 -4 -1 -1 1 -3 2 4 4 -5 4 -4 -1 4 -5 -2 -1 0 0 -2 2 -2 -5 4 2 -1 -4 -5 1 -5 3 -4 2 1 2 2 0 -2 2 4 0 -2 -5 -2 -1 1 4 -3 0 -2 4 -4 1 -1 -3 -5 -5 2 4 3 3 -2 -2 2 0 0 0 -4 1 2 -2 2 0 1 3 -2 -2 2 -2 2 3 -1 -5 4 1 1 1 2 -2 
3 0 -2 -4 2 3 -1 4 -1 2 -5 -3 -1 -1 -1 -5 -3 3 0 4 -1 3 2 4 -4 -5 4 -2 0 -5 2 -2 2 3 -2 2 1 4 2 3 0 -1 -1 -2 4 -5 2 3 4 3 1 -4 -2 1 -3 -2 1 1 4 -3 1 1 -4 4 0 2 1 0 -2 1 -5 2 -3 -3 2 -2 -4 4 3 2 -5 1 -1 -3 1 2 -4 2 -3 2 1 3 -3 -3 -5 1 0 4 4 -4 
-4 0 2 2 -3 -1 2 1 -3 -3 -4 0 3 4 4 -1 -1 1 -1 0 -5 2 -3 3 0 4 1 -1 -5 -4 2 -2 3 1 -2 -3 -2 -1 2 -3 4 4 3 4 4 -5 -4 -4 0 0 -2 0 3 -1 1 -5 -3 -2 1 -1 2 1 -3 -5 -3 3 -1 -1 2 -3 -5 -4 0 3 3 -3 3 1 -5 -4 -1 -5 0 0 -1 3 -3 -4 0 -1 -2 -2 1 2 3 -4 4 -3 2 -5 
-5 -5 -3 -1 -2 0 1 -3 -3 -3 4 -1 4 1 4 -1 3 -2 4 -3 3 -2 -5 -5 4 2 -4 -4 -2 -4 2 0 -2 -5 -5 4 -1 3 -4 -4 -1 -2 -2 3 -1 -1 -5 4 -2 2 -1 2 -5 2 0 1 4 1 1 -1 2 -4 -4 -3 0 -4 -5 -3 0 2 4 -4 0 2 -1 -4 -3 -4 4 -4 2 3 -3 -4 -4 4 -2 0 4 -4 2 2 4 2 2 0 -1 0 0 2 
3 -5 -5 -1 -2 0 -3 -4 -1 -4 -4 4 -2 3 -1 1 1 4 4 4 -2 -3 4 3 1 4 -5 3 3 -1 -1 3 -4 -5 0 -1 -2 2 -3 -5 4 -5 -1 1 2 2 0 -1 2 -4 -2 0 -3 -2 -5 1 2 -3 2 -2 -4 -5 3 0 -4 -5 -2 0 -4 -2 1 0 -2 3 3 4 1 -5 2 -1 0 2 -1 3 0 4 3 4 -2 -2 -3 1 -2 0 1 -4 2 -1 -2 2 
2 -3 -3 1 -3 -5 -1 -1 1 -5 -3 3 -3 -3 0 1 -5 4 -1 -5 2 -3 -5 3 -3 -4 -2 2 -1 -2 -3 -1 4 2 -4 -3 -5 4 1 -4 -5 0 1 -4 0 -1 0 -3 0 -3 -4 1 -1 0 4 -3 -3 2 1 -4 -1 -3 0 2 3 4 2 -1 0 2 1 2 -2 -4 -1 -3 4 4 -3 3 4 -2 2 -2 4 -5 -2 3 -1 2 0 4 2 -3 4 1 -1 1 -4 2 
-4 4 3 -3 -5 0 -3 -4 -1 -1 -5 -1 -1 2 -3 4 2 -2 -5 -3 3 3 -2 0 4 -2 -3 0 -2 -2 -5 -2 -3 1 -2 0 0 0 1 3 -3 1 -2 -3 2 -1 -4 3 1 -5 -2 -2 -3 4 -2 3 -2 -4 3 0 -5 0 3 3 3 1 2 0 -2 -3 1 -4 1 4 2 -3 2 -1 -3 -3 -2 0 -4 -1 1 -2 3 0 -4 -2 -2 -3 -1 4 -3 -5 1 3 0 1 
-4 1 4 4 -5 -2 -3 2 0 2 -2 -3 -3 4 1 -2 2 4 1 4 -2 -2 -5 0 -3 -1 -3 2 -5 1 0 0 -1 -2 0 -5 4 2 2 4 3 1 -5 2 -2 -5 4 3 -4 2 1 2 -3 3 -4 -5 -4 -3 -1 1 4 -3 -1 0 -3 -1 -4 4 4 -1 0 -1 -3 4 -5 -5 1 -3 -2 3 -4 4 2 0 0 -2 0 -5 1 -5 4 -5 -2 3 -3 2 -3 1 1 -4 
0 1 -2 -3 -5 -5 0 4 -1 -5 2 -5 0 -3 -2 4 -4 -2 0 4 -3 3 -4 -5 2 -1 -5 1 1 -4 1 -3 2 2 -2 4 3 0 1 -5 4 3 -2 4 1 -2 -2 -3 -2 1 4 -1 1 4 -4 3 1 -3 1 -5 -1 2 -3 -4 -1 -1 1 -3 -2 -5 -2 0 3 -5 -2 4 4 2 -5 3 2 4 -1 -4 3 0 -3 -4 -3 4 1 -1 2 -5 -5 1 0 2 -4 -5 
-2 -2 2 -5 4 1 -5 0 -2 4 4 2 -1 1 1 2 -2 3 1 -1 -2 1 -1 0 -4 1 -4 2 -4 -2 -1 -3 -2 -3 -2 -5 -5 -3 -4 2 -2 2 4 -4 -3 -2 3 2 3 -2 4 -3 -4 4 -2 -5 -4 -1 1 2 -1 -5 3 1 4 -3 0 -2 -5 -2 3 -2 0 0 1 -2 0 -2 -5 -3 -2 -1 -3 3 -3 4 4 0 -2 0 1 -2 -2 3 -5 3 4 -2 -1 1 
0 -5 -3 -4 2 4 4 2 -4 4 -5 1 -2 -3 -1 2 3 4 -3 4 4 1 -4 -3 -2 2 -3 -1 3 2 4 0 -4 4 1 1 3 0 -4 3 -3 3 -2 0 -2 1 4 -3 2 3 -2 -3 -3 -1 -5 4 -3 -5 -1 3 -5 -3 3 -2 2 -1 -5 -2 2 4 1 -4 3 0 -5 -3 -5 -2 -4 -4 -4 -5 0 3 2 -2 4 -4 4 -3 -4 -1 -3 2 4 -1 2 2 -3 3 
2 -1 4 1 -2 -4 3 -2 2 -1 -3 -5 1 0 1 -5 1 -3 -3 0 -3 -1 1 -4 4 -4 1 -3 -5 0 -3 -1 -2 2 4 -2 -2 -3 4 -2 -4 -3 4 1 -1 -5 -5 2 -2 -4 4 0 0 -2 -2 0 -2 2 -2 1 1 1 -2 -5 4 4 2 -1 1 4 0 2 -4 0 -5 -1 -5 0 0 -5 3 2 3 4 4 0 -1 4 -5 -1 3 -4 -3 -1 -2 0 -5 -5 1 -1 
-3 -1 2 1 4 -3 -5 -4 -2 -4 1 -4 -4 1 -3 -1 -2 0 -2 4 -4 0 3 2 0 -4 1 4 0 1 2 1 -2 -3 -3 -1 2 -5 4 -4 2 3 2 0 2 0 0 4 0 2 4 2 -1 2 2 3 0 -5 4 -5 -3 0 3 4 -4 0 -3 -5 4 -5 2 -2 3 -5 -2 3 2 -1 -4 -2 -2 1 -3 -1 0 -5 0 4 -5 1 -4 -2 -5 3 1 3 -4 1 -5 1 
3 -3 -2 -4 0 -3 1 4 0 -4 -5 -3 -1 1 -1 1 -4 2 -3 -5 3 2 -5 -3 0 -4 1 -5 1 -4 -2 1 3 -3 0 -4 4 -3 0 -4 -3 -5 4 -2 -4 -5 -1 -3 -2 0 -3 -2 1 0 -3 1 -5 0 -3 2 -1 -5 0 -3 4 3 3 2 -4 -5 -5 4 2 -4 -1 0 2 -5 -4 -1 0 1 0 -5 0 -4 4 2 4 3 3 4 -5 -2 0 -1 -4 -1 -1 2 
2 2 -2 0 3 -2 3 0 -2 -4 4 -5 4 -5 -3 2 -5 -5 -1 -3 -3 -5 4 -3 4 -3 -4 -5 -5 3 -5 -2 -1 2 -3 -3 4 1 -2 -2 -1 -5 -2 -5 0 2 2 4 1 -3 -5 0 -2 -4 -3 -4 -1 -2 3 -3 2 -5 -3 4 -5 3 -3 -3 2 0 -1 2 -1 -5 -5 1 -3 -1 3 1 4 -2 -3 4 -2 -5 0 4 -4 -1 -3 -4 -5 -3 -2 -4 -1 0 -4 2 
-2 -2 -5 -3 -1 2 4 -3 3 -3 -1 0 2 0 2 0 -1 -2 0 4 1 3 4 2 2 3 -1 -2 0 -4 2 3 4 4 -4 1 -5 -1 -5 1 -3 -2 4 4 4 -5 4 -5 -2 2 -2 -2 -3 -2 -2 -3 1 -1 -1 -4 2 -4 -2 4 0 -2 -2 -2 3 -3 3 -5 -1 -4 -3 -2 2 -5 3 1 4 0 -5 -1 3 -1 -2 -1 -2 2 -4 2 4 3 3 0 3 -2 -5 -3 
2 -5 0 -3 -2 1 -1 -1 -3 -1 -5 -4 -3 -3 1 1 -1 3 -3 -5 -2 -4 4 -1 -4 0 -4 1 -3 3 0 -1 -3 -2 1 -4 -4 -4 -4 0 4 3 3 2 -1 -2 -1 0 -1 0 0 0 -2 -5 1 4 4 4 0 -3 0 -1 0 3 -5 0 0 -1 3 0 -1 -3 1 0 4 -1 -1 0 4 -1 -3 4 4 2 -4 -3 -5 -2 4 -5 2 1 1 0 4 -4 3 -3 0 2 
0 3 3 0 -2 4 1 1 -4 -2 -4 1 0 -4 -3 -2 4 1 0 2 -3 -4 1 0 -4 -5 -2 0 3 -1 1 -5 -3 1 -2 -5 -1 2 -4 -5 -4 3 -5 3 -3 -3 0 4 -2 3 -3 -2 -2 -5 -1 -4 -2 1 0 -1 4 -4 -2 0 2 0 0 3 4 3 -4 0 4 -4 2 1 3 -2 4 -3 0 -5 0 -1 -4 -1 -3 -5 -3 4 -4 4 2 -2 -2 2 -3 -3 -5 4 
-4 0 0 3 3 -4 2 -3 0 -1 -2 -4 -4 2 -1 -1 -1 -5 1 -5 4 1 -1 -3 1 -3 4 1 -5 0 -1 -4 3 4 -2 -4 -1 -5 3 -5 -3 0 0 -1 4 -3 -4 -1 2 3 1 0 -5 -5 -4 1 -3 2 2 2 -1 -3 -1 4 -2 1 -5 -4 -4 -4 -3 3 -2 1 3 3 -1 -5 -5 -1 -5 -1 -2 -5 3 -4 -2 2 -1 1 -5 3 4 -1 -4 -1 -5 -4 0 -3 
0 1 -1 1 -5 -1 -4 1 -2 -3 -4 3 4 -5 -1 -3 -5 -3 1 0 0 -4 -1 3 -2 2 -4 -5 4 3 4 4 -1 0 -2 -4 -1 1 0 -5 2 -1 4 -5 4 1 -1 4 3 -5 2 -3 4 -1 0 -1 3 0 2 2 4 0 -5 -2 -3 -1 -4 0 3 3 0 -2 0 -3 1 -4 0 -5 1 3 -2 -4 -1 2 2 -2 -3 3 -1 -2 -4 -5 1 1 3 -1 -4 3 -1 -2 
1 1 -3 4 1 -4 -3 4 2 -3 -2 -4 -2 -1 -5 -4 0 2 -3 3 -2 -4 0 -2 4 -1 0 -5 -5 3 1 3 -4 -4 1 1 -2 0 -5 2 3 0 3 -1 0 -5 3 0 3 0 -5 -2 -3 1 -4 1 1 1 -5 1 3 3 3 3 -2 -3 1 4 3 0 -5 -3 -1 -1 -3 -4 3 -5 0 2 -2 1 -4 -3 -1 -2 4 -1 2 -4 -5 -4 1 -5 -3 1 -4 4 4 -1 
-5 -4 1 2 0 -3 0 2 3 4 2 3 4 -5 -3 0 0 -1 -2 1 2 2 0 3 -2 1 -1 -5 2 -2 -5 -4 1 3 -1 4 1 0 -3 3 -1 3 -1 0 -4 -5 3 3 -1 0 -1 -4 -1 0 1 -1 -3 -2 -3 -5 4 2 4 1 1 -2 -5 0 1 -2 2 0 -4 -5 1 -4 1 0 4 -5 1 -5 -2 -2 2 -3 0 2 2 -2 -4 -4 1 -1 -4 1 -4 1 -2 0 
0 3 3 3 0 -4 3 0 -3 -2 0 -1 4 -1 4 1 4 3 0 0 -3 4 -5 2 3 4 -1 -1 1 4 4 1 -2 -5 0 -3 -1 -5 -5 -4 -4 0 4 -4 3 0 -5 -5 4 0 3 -1 -3 -3 0 -1 -5 -1 -5 2 -4 -5 1 2 0 -1 -2 -5 1 -2 -5 4 -5 -3 1 -2 0 -5 3 -2 -1 4 4 3 1 -5 -3 3 3 1 0 -2 3 2 2 -3 -3 -1 -3 -2 
2 1 0 0 -4 -4 0 -5 -3 -3 -4 -2 0 4 0 -5 2 0 0 -5 1 1 3 2 0 -3 -2 -3 2 -4 -2 2 -5 0 2 -1 -5 1 3 -4 -1 -3 -3 4 2 -1 -1 -1 2 -3 -5 -4 -4 -3 -2 -2 -5 2 -2 -1 -3 -1 0 -2 -5 -4 0 -1 -2 3 -1 3 -5 -5 2 2 4 4 4 -4 -4 -1 -5 2 -5 -2 3 -4 -3 0 -5 -3 0 2 3 4 -1 -3 1 4 
2 -2 1 3 -5 -4 3 -2 2 -4 -4 3 2 -2 -2 -3 4 -5 -1 3 4 3 0 0 -2 -4 -5 -1 -1 -1 -3 -1 1 4 2 1 3 3 2 2 -3 -4 -3 -3 1 3 4 -3 3 2 -3 1 -4 1 -5 -3 -1 3 -3 1 -4 3 -5 4 2 -4 -2 -3 1 -1 0 -5 -2 4 -2 0 -1 2 3 3 0 4 3 0 -2 -3 2 -5 0 2 2 0 4 -4 -1 2 -5 -5 4 2 
3 -5 -1 4 -3 4 -5 2 -5 -4 -4 0 1 -1 1 4 -3 -4 -3 4 3 2 -1 -4 0 -5 -3 -3 2 0 -4 4 3 -1 -1 3 0 -1 -3 2 -5 2 1 -2 -3 4 2 4 -4 4 -5 -5 0 1 0 2 -3 -3 3 1 4 0 2 1 -2 1 -2 -5 3 2 -2 -3 -4 2 -2 -4 -3 -3 -1 -4 -1 -1 -4 4 -1 -1 -4 1 -4 -1 -4 3 -2 1 -4 3 3 1 3 -5 
-3 -2 -3 3 1 -3 -4 0 1 0 -3 0 4 -2 4 -2 -4 3 4 -2 -1 0 -2 -4 0 3 0 -4 2 0 -2 -4 3 -2 -3 -1 2 -4 -2 -4 -1 4 0 0 3 -3 -3 4 3 4 -2 2 1 -3 2 -4 -2 0 -3 -3 0 0 -2 3 -5 -1 1 1 0 -2 -3 3 1 0 4 -5 2 -1 -2 -1 0 4 -3 0 0 -1 -1 0 3 -5 -3 -1 4 -1 -2 2 1 -4 -2 -5 
1 2 4 -1 2 4 1 -1 0 2 1 -4 -1 3 4 4 0 -5 0 -2 4 0 4 -2 -5 1 3 -2 -3 -2 -3 -3 -3 -2 4 -4 -2 4 -5 4 0 3 2 4 2 -2 1 3 -3 3 -5 -1 3 4 3 -5 -5 -4 0 4 0 1 -3 -1 -5 4 0 2 4 -1 4 -2 0 4 1 2 -2 4 -4 -2 3 2 3 4 0 2 4 3 1 4 3 3 -2 -3 -2 -5 -5 4 -1 3 
0 3 -5 -2 1 -3 -4 -5 -3 -3 3 -5 -3 -4 -4 -5 -4 -2 2 4 4 -5 2 3 -1 1 -1 2 -5 -5 -2 -5 -2 2 -3 2 -2 1 -2 -3 -1 -2 4 -3 -3 -1 -1 -4 -5 -4 3 2 -4 -4 3 0 1 1 -2 4 -3 -2 -3 1 -1 1 -5 0 4 4 -1 0 0 3 -2 0 0 -2 -2 4 -4 -1 -3 2 -4 -1 -4 -5 -1 1 4 -1 -5 -4 -4 3 -4 2 3 -5 
-2 4 -2 -3 -4 3 -4 2 -2 -3 0 -5 1 -3 -1 3 1 0 3 -3 4 -1 -1 2 -4 1 -2 0 2 3 -3 -2 -1 -1 3 1 4 -3 -2 -2 -3 0 4 4 -5 -4 -1 -1 2 3 2 1 4 -4 -5 4 2 -1 2 -1 -2 -4 -1 -3 3 -5 4 0 2 -5 1 0 4 -4 0 1 -1 4 4 -4 -1 2 -5 -4 -3 2 3 -2 -1 2 -2 -4 0 1 1 1 -2 1 4 -5 
1 -2 -3 -2 -1 -4 3 -1 2 -4 -3 3 -3 3 2 -1 3 4 2 -2 1 3 -4 4 0 1 -4 -1 -4 3 -1 -4 -2 -5 -1 -4 -5 2 -2 -3 -3 4 0 -5 4 2 -1 -4 -2 4 1 -3 -2 -2 4 4 1 3 -1 -4 3 -4 -4 -4 2 0 -1 2 -3 2 0 -1 2 3 -3 3 -5 1 1 -4 -4 -3 4 1 -4 -1 -3 -3 -3 -1 -3 3 1 -5 -2 4 -4 -4 -1 -2 
-3 -2 4 0 -5 4 -3 4 -2 -2 -1 -3 4 4 -1 -5 -2 -2 -4 0 -5 1 0 -1 4 3 -1 -5 4 2 2 -2 -1 -1 2 -4 2 -4 1 1 0 -4 3 1 0 -3 0 0 -1 4 -2 -3 -4 4 -2 0 -3 -3 -4 3 -1 -2 4 -4 0 -4 -1 -2 -2 -1 -4 3 2 1 -4 -5 3 4 4 -1 -1 -1 -2 0 0 1 4 -2 4 -5 2 -3 4 -1 0 -3 3 -4 3 -2 
1 0 2 3 -4 -3 -4 0 3 -5 -2 2 -4 1 0 2 -3 -3 0 -4 -4 3 -4 2 1 2 -5 -2 -3 1 0 -3 -5 -5 2 -1 3 0 -5 -4 4 3 -1 1 3 3 3 -2 2 -1 1 2 -1 1 1 -2 4 4 4 -2 -4 0 -1 -5 1 -5 3 -4 -1 4 3 -4 4 -1 -5 -5 -2 -2 1 -3 -4 3 2 -2 -5 -1 1 2 3 2 -2 -3 0 2 -3 2 1 -1 4 0 
-3 3 2 3 -4 -2 0 -1 -3 0 -5 4 -4 -3 -2 -5 -4 2 2 0 -2 1 3 -3 -4 2 -4 0 -1 -2 4 -1 0 -3 4 0 4 0 -1 3 2 -3 0 -3 1 3 0 -4 3 0 -3 -1 0 4 -5 4 3 3 -3 0 -3 -5 -5 2 2 -5 3 -1 3 1 2 3 -2 -4 -4 4 2 -5 -2 -5 -1 -2 3 2 -1 4 1 2 3 2 4 -1 3 3 -2 1 -5 -3 3 4 
3 1 3 -2 1 2 -4 1 0 0 -3 -4 -2 -1 0 3 -2 4 -5 -5 3 -1 4 -4 1 4 4 -1 -1 3 -3 2 -2 -4 -2 -3 3 -2 3 1 -3 -1 3 3 2 0 1 4 -2 1 -2 -5 2 -2 4 -1 3 1 4 -5 -1 -4 -3 -2 -3 -1 4 4 -4 1 0 -2 -5 -5 3 4 -5 0 -2 -3 -4 -2 -1 -2 3 2 -4 4 -3 0 -2 -1 -5 -4 -3 -4 -1 4 -2 3 

101 14 14 -22 199 74 15 -2 7 -55 128 22 -90 -132 12 60 64 90 39 -43 144 -135 35 63 -122 36 63 40 -38 116 112 -24 -76 -5 2 -61 -97 -5 -28 -131 28 110 64 17 78 72 29 -110 85 113 56 102 34 -82 130 139 79 131 42 46 71 -67 -46 -29 76 -26 -92 54 85 143 12 60 126 54 29 128 -158 16 130 110 -29 -38 57 -77 -85 -46 21 17 118 95 -10 114 87 -191 120 58 -161 -2 -35 100 
34 12 101 97 -112 37 -20 60 -41 -85 -53 132 195 10 95 13 88 32 4 136 -4 -93 -124 89 71 122 -107 1 109 99 5 114 12 41 -46 50 40 14 -18 70 -3 115 -69 25 -25 111 -57 129 17 -44 52 37 31 -20 35 57 -9 -71 -11 18 62 45 67 -12 8 36 -78 33 139 170 -11 -20 -18 131 40 -82 52 -40 153 25 -26 88 -22 135 64 -13 -91 -57 -46 -154 -7 -85 72 91 38 -31 41 -2 53 -197 
-67 -109 -71 -18 36 -99 -17 -103 -14 39 114 -86 15 21 43 -28 6 37 57 81 66 105 -57 39 147 -6 128 144 0 -158 94 141 120 7 -92 126 -93 79 90 136 52 -8 -93 32 135 79 -136 -50 4 -54 116 110 -121 84 123 144 122 58 -13 18 -181 113 -60 69 -62 91 -61 -130 -113 40 59 -1 18 18 20 87 126 112 -59 233 -58 93 -68 -140 40 45 -118 12 -38 -89 131 92 82 8 88 2 13 125 53 8 
133 43 -52 -36 47 4 190 22 -49 150 9 112 25 138 80 25 -74 -27 -21 -38 24 27 -34 -43 -18 -165 67 -33 -19 -116 -88 113 46 104 35 -1 -17 103 220 -5 -40 40 34 -93 58 7 -47 -22 -45 79 -135 19 120 18 101 -155 -126 79 -49 87 144 193 -22 39 -45 191 -25 149 3 -48 -61 12 -74 95 94 73 -31 170 -51 85 75 -40 28 90 6 106 -28 13 83 72 118 110 -99 -79 52 6 48 -59 -85 -62 
31 74 41 -10 82 85 -87 173 -26 99 7 -69 -45 27 -56 -102 -162 -42 16 230 30 20 132 -20 -24 -19 180 -25 48 -21 113 -26 25 165 39 153 120 -128 236 63 244 75 98 73 -8 -50 32 -34 -59 76 129 -7 151 74 -2 86 64 -103 -20 71 107 161 55 -53 -25 11 -61 117 43 29 -66 57 22 133 -72 103 -93 45 -98 85 -63 15 -34 64 99 76 -42 -63 -12 95 123 -93 -73 -36 -177 17 78 19 189 -243 
130 17 98 49 209 207 -75 -16 73 223 300 38 90 161 49 181 167 91 -2 52 41 40 195 132 97 202 263 89 109 92 76 356 -98 -115 153 29 -119 13 48 216 123 -3 -25 132 153 163 92 -34 142 24 67 161 20 126 130 154 106 -8 55 120 -97 101 132 -67 -34 -69 -2 81 -129 -7 97 137 66 206 77 193 -7 80 172 197 16 145 -50 54 -3 196 171 52 133 20 121 29 37 95 131 -87 101 63 63 86 
6 67 35 119 -77 20 16 3 104 151 26 -25 99 113 -46 -64 74 -108 65 -14 100 -29 163 25 -16 35 68 -38 60 131 112 111 -12 118 80 12 -6 -7 60 101 156 -88 -56 147 71 -78 67 -106 59 47 -104 100 12 19 -67 24 95 27 -95 98 10 77 12 16 -138 -119 -32 134 -11 -95 42 -11 48 85 9 50 34 -11 164 105 -37 72 -62 -25 17 -9 23 -113 129 -13 -4 -56 186 96 56 -33 57 -87 57 -77 
-23 98 106 66 47 46 68 -40 -27 48 -49 0 -22 -27 60 33 4 24 -11 -101 0 108 39 -110 -14 -73 142 137 6 -76 -143 -159 110 53 28 5 118 11 162 67 -22 -3 -30 54 10 80 -165 133 76 1 13 95 -44 -42 81 13 32 71 117 -49 -17 -53 4 76 107 70 251 21 -163 -4 -41 231 27 13 83 148 11 155 32 -46 -58 30 -16 -124 -2 143 -34 127 -103 44 59 38 -72 -78 -190 -17 25 -57 74 176 
-52 -53 -54 107 170 210 53 -2 -63 200 251 28 19 -9 76 90 46 59 55 40 73 -50 60 -61 -89 1 72 9 67 169 -13 90 54 85 91 -43 -73 -94 -19 80 -22 62 -57 -4 -19 85 87 39 97 132 -58 170 86 -9 49 28 -114 -63 33 222 87 56 109 44 -111 -22 -100 -19 54 19 41 154 51 203 63 -79 -99 35 -50 120 19 -157 -47 31 -63 45 178 -62 165 -159 -97 70 -18 -61 221 85 185 -64 14 9 
-84 33 -61 37 154 67 63 6 -33 139 117 63 12 -84 32 42 -129 93 12 -10 36 -58 -68 -30 -30 -29 18 -42 67 143 39 -38 19 -63 44 173 -26 -40 -15 29 -9 148 -18 31 80 75 -17 128 92 128 222 151 25 -41 73 175 214 153 49 -98 66 117 -4 3 18 87 -38 -67 4 89 105 189 -8 107 64 36 -23 62 128 3 120 -81 19 -2 62 74 -117 125 123 -12 32 59 -8 -35 157 54 52 42 88 21 
-12 18 39 -46 -27 115 47 -84 178 111 205 184 -5 95 1 49 115 -1 -21 186 12 76 21 109 71 95 61 106 70 6 79 223 -7 95 69 28 -189 53 135 131 21 38 -90 -38 81 158 167 -133 -102 -67 99 34 71 177 121 1 67 -29 -93 103 -16 112 -12 -68 67 6 -168 73 30 34 161 -113 -22 174 -115 72 8 45 -1 223 185 -4 100 171 64 13 85 -127 5 29 169 51 184 126 171 11 71 66 -75 1 
77 -94 -20 -3 90 13 58 -35 49 165 93 74 80 34 2 70 -44 56 -94 -50 -30 -61 104 -1 108 76 172 74 -5 -32 -56 104 20 127 -36 59 -80 18 215 71 114 -19 45 11 3 78 -62 2 -6 -138 -40 97 16 -72 197 -26 96 56 24 -38 -8 156 96 0 -35 136 28 89 -113 -13 -24 22 -53 80 131 101 55 98 21 121 61 -24 27 65 29 151 -30 28 111 -19 115 -15 -54 26 90 -155 232 -34 -79 132 
-3 -138 90 107 -6 -76 -28 -42 27 -82 45 17 79 89 52 39 83 61 -69 66 -82 -105 -52 52 29 -99 3 178 -96 25 -18 158 -30 36 19 6 -127 7 84 76 22 156 41 -31 -76 87 -40 58 104 -142 -25 221 -56 24 137 -25 29 -50 95 37 152 -53 73 7 105 27 77 110 96 88 89 -68 90 48 -98 -105 13 -80 -8 97 5 158 0 82 11 6 14 44 0 -113 -9 -2 3 96 -11 4 104 -98 -116 -31 
-63 118 143 98 -82 13 95 -63 -83 148 19 -60 -30 -69 -78 81 94 -19 -104 54 106 137 -27 -165 -46 -205 1 -21 46 94 -111 18 -119 74 229 74 84 -71 66 171 -13 70 -62 111 -68 71 25 75 70 -31 -49 110 -18 81 6 161 -7 -56 -18 172 1 46 24 -53 100 -101 10 49 76 61 107 164 62 80 -50 47 -111 53 16 -64 -43 -64 -17 -47 -15 27 157 -41 87 -44 81 -67 -113 -116 -6 34 -43 70 103 202 
-185 -108 -54 3 115 66 -32 -101 20 189 245 -51 -18 45 31 69 129 47 81 184 42 28 -124 -11 29 -67 35 190 -71 11 -5 4 128 -3 -24 71 27 -29 -8 175 -94 54 -134 19 -92 28 48 -6 -151 171 132 202 -93 61 33 100 -9 20 -65 92 -78 94 45 83 32 94 -165 -119 52 -87 61 -68 79 201 -1 -26 26 31 -26 101 44 -27 -24 -84 -57 19 -5 -148 94 -127 129 121 12 73 123 143 61 12 -14 -28 
-82 90 54 -37 48 18 42 39 64 -5 -63 -15 138 -45 14 -124 33 -62 6 -37 36 64 -24 5 -13 34 28 -132 71 28 161 -127 122 81 -61 -6 132 -121 74 -129 -30 -71 48 50 55 -157 17 -214 -46 173 38 -56 57 -127 -74 -70 -93 29 -163 5 116 -60 -62 -47 78 -26 -101 26 83 -91 -147 18 74 -11 -55 -94 -16 16 154 10 72 -36 -58 -49 -38 -183 -11 -117 71 41 5 -80 166 51 101 72 -65 -162 -30 -138 
74 27 39 -35 42 -119 41 -29 245 112 155 29 12 -17 -141 81 181 -11 -27 144 195 29 44 171 -19 16 87 75 -51 9 -34 -26 -100 102 119 118 -55 137 49 165 48 -39 7 41 -89 20 180 -300 -78 -94 11 79 -14 -1 81 -21 22 31 -190 69 -36 105 23 -117 205 -16 -23 198 3 -13 98 -81 29 107 -131 154 10 83 98 196 105 18 115 18 -31 -19 181 -144 106 223 161 -76 5 -109 -16 11 -122 44 -43 154 
-69 121 -5 99 -42 20 76 -9 105 42 116 -36 109 -25 -7 -4 111 -99 -51 -54 28 -93 -32 107 -75 -27 37 45 -124 41 -122 -51 18 185 92 32 -107 24 6 80 -49 110 17 16 -46 -74 24 -10 37 21 65 186 -52 -110 0 30 2 50 35 54 89 136 -63 -7 87 68 -8 16 162 -49 -54 43 44 197 83 -58 105 78 149 106 78 40 32 3 -39 -17 16 -232 133 37 88 -12 93 35 43 45 18 -71 91 -115 
88 292 56 -86 19 170 59 97 -18 160 153 131 111 -92 -37 110 4 -54 78 -44 -73 -103 169 65 -126 -37 94 40 177 52 55 66 3 211 41 91 146 48 194 -2 123 52 -73 72 -36 109 45 77 62 -16 -17 109 349 -9 53 -25 77 -28 163 -41 153 241 -83 -5 82 -3 167 185 178 -9 19 92 180 -68 234 155 34 169 69 138 185 -56 73 7 17 154 70 -151 86 256 99 -16 -25 31 140 -17 165 6 -105 59 
23 57 -13 107 52 10 98 -33 -4 119 246 -138 -18 -68 -34 22 -6 5 16 205 -85 29 147 -53 -12 55 151 60 -107 -81 160 117 51 47 12 63 -43 111 6 120 229 -49 -128 120 90 40 71 -68 37 -60 35 230 66 94 76 -98 169 52 51 80 -50 181 -208 14 -181 27 42 0 43 -28 15 -7 51 62 -44 29 32 -59 -155 327 -11 75 101 -73 -118 157 -42 -156 100 72 143 29 -53 -66 93 -15 86 75 45 96 
212 -138 126 58 160 -30 209 95 39 52 11 172 36 -71 63 163 46 -29 -115 -77 -15 -77 35 -20 -2 141 60 89 46 39 58 66 71 89 42 -13 21 52 52 10 90 15 35 -5 -34 159 -64 -81 25 -47 53 -15 68 -77 42 69 -53 100 -16 -46 14 114 172 2 53 194 29 -46 -50 39 -39 56 -55 -37 56 173 51 12 45 40 74 53 233 103 130 -23 -37 171 89 109 32 11 30 19 74 -158 -67 -103 -145 195 
61 24 68 -56 69 2 -58 -26 -14 19 12 26 16 37 -20 -48 42 125 34 110 -75 1 15 60 89 64 18 3 76 43 125 124 -101 -41 135 -15 -7 -123 50 1 -13 -44 21 41 32 74 -18 -79 157 -80 128 39 42 17 -110 151 -4 70 -83 98 -205 19 61 -133 140 -41 73 -45 -41 126 5 100 64 -60 -38 117 44 -48 26 -57 -41 -41 -57 80 -20 108 204 5 -6 30 -20 -106 -27 111 135 83 -11 -84 42 76 
36 -50 -65 50 159 18 -73 -23 143 -45 106 41 -56 -19 -59 122 44 -20 -27 73 34 39 3 27 -1 -23 27 74 -52 103 36 93 14 -54 -17 70 -105 32 -80 43 30 17 -56 -110 37 168 215 -48 65 -63 90 24 -50 15 -21 50 74 -117 177 11 91 -79 -15 -27 73 -44 -60 -48 -27 9 72 -11 44 152 -139 -30 -106 -161 -88 150 81 57 17 67 -5 -103 95 21 -88 47 -46 55 -20 45 -36 69 67 97 17 0 
-52 31 105 63 75 -31 -12 -55 48 74 205 -79 -52 -57 10 251 41 -109 -31 109 -69 21 -98 -88 -35 -72 72 142 -77 -110 -118 17 71 19 62 26 47 76 36 26 9 167 -128 82 -49 14 18 180 -29 -34 185 191 114 120 25 -130 -83 -35 116 13 41 221 -6 41 23 138 21 -20 90 -119 95 0 96 75 -5 -79 64 26 -230 200 137 239 83 -43 58 11 82 14 -23 57 84 -21 -55 6 -43 8 -139 106 -113 29 
-7 119 -82 -110 46 85 82 -32 23 41 328 70 -20 8 20 112 160 -59 174 54 29 20 -129 68 139 -79 51 161 98 -20 2 -6 14 120 0 82 -77 -16 -36 -43 -46 28 -82 74 -149 129 -13 -134 -161 -10 57 112 -18 -8 117 67 -25 59 -133 169 -61 116 151 9 191 4 -58 -32 12 95 15 49 166 38 83 132 111 150 125 154 155 -71 -21 -126 -54 -1 81 -211 68 123 119 161 144 -59 121 104 136 74 -22 95 
-21 124 112 74 40 -11 -11 -34 102 -27 79 -63 97 -53 -21 17 67 -47 -53 10 50 -98 139 8 39 126 60 6 -70 -20 -18 -18 92 151 -142 -69 41 21 79 31 110 -68 -158 16 50 -53 18 21 -15 -144 -42 80 83 42 -1 -146 -101 -126 -8 -5 -59 50 -21 122 -166 111 -25 70 52 -85 -51 -65 -23 119 32 -48 117 -63 -105 201 71 66 -12 41 28 -205 30 -128 -104 -34 -22 -127 38 77 27 -115 -4 11 -49 -6 
45 64 -2 -25 -22 -6 94 -129 -7 106 75 54 178 12 -68 40 -4 -153 -2 -56 85 88 176 -5 -10 29 80 -2 173 1 42 19 37 158 28 91 -125 -3 100 -24 10 -123 43 4 -17 99 -42 -137 44 -181 -75 -5 74 20 96 -19 45 -73 -61 55 -71 4 8 -54 -6 -16 45 45 -125 -109 68 88 54 -16 32 124 28 69 -10 -16 124 -42 -21 165 33 20 1 -63 -32 139 24 -5 84 101 62 -101 148 -61 -92 106 
96 -9 -4 103 0 14 51 69 9 26 84 -62 140 -80 -21 -40 40 16 -36 -7 22 86 13 -107 24 -86 156 4 278 103 -20 51 91 78 102 102 -8 -85 95 8 114 -90 -12 50 -137 88 -53 7 62 -118 -31 63 23 -2 126 95 11 -106 -136 141 -5 35 147 -20 -45 -30 55 49 -117 -15 -124 325 50 19 30 25 38 198 117 152 61 127 0 -18 11 -120 54 -22 41 -113 133 32 67 -146 41 -30 127 86 134 87 
70 2 72 -139 120 12 15 -48 -25 -12 151 123 -29 -86 62 162 126 -29 73 44 35 31 -4 72 -7 97 -46 119 -60 -68 -16 -45 -50 53 -40 21 -36 68 -58 63 3 68 -67 -69 -51 247 42 -39 -48 -131 66 -89 32 54 56 37 -114 -89 58 29 -90 33 -3 -17 135 29 -83 -120 60 171 89 -75 2 44 60 146 -72 54 -102 -10 59 -51 125 138 -28 18 109 -76 -99 124 86 0 -30 -3 -12 -11 -13 89 -48 171 
24 49 22 -5 -17 -58 162 -133 73 42 -43 57 40 101 0 -38 -33 -73 -52 12 52 9 75 -46 104 16 72 -38 47 40 -11 12 17 58 23 103 -25 -30 162 -34 -37 -95 55 25 108 22 -108 5 -19 -45 23 30 77 1 59 -20 99 85 -91 -45 -85 165 -16 45 -48 100 9 37 -60 -66 54 -7 -162 76 123 119 -14 13 12 -34 131 8 101 67 164 57 -81 122 12 65 51 47 20 -37 113 -146 -4 -34 -46 43 
33 -52 121 -127 9 202 -47 -113 -38 205 221 25 216 139 109 39 361 35 79 264 98 74 107 238 -45 54 100 103 138 -99 -40 133 -170 200 138 124 -325 36 15 274 -14 92 -27 178 -109 55 31 69 62 -148 62 -6 -106 76 66 78 -180 -209 -27 242 -11 111 161 -114 140 -107 -137 35 61 176 90 87 -36 229 197 43 -24 179 229 13 -37 58 -98 214 -69 238 264 -262 -11 -31 128 -39 35 104 51 52 186 41 60 39 
-23 74 -24 -52 0 -26 172 -20 -65 12 49 72 -43 47 118 17 164 101 164 -42 -7 -156 20 161 35 -12 -38 163 -97 51 6 54 -9 43 44 -22 -43 96 95 65 -23 38 -83 -150 5 129 -172 -24 22 -24 18 84 51 -96 -7 76 3 149 -21 -33 155 0 7 200 45 83 52 126 89 118 29 31 -94 -3 77 107 -28 13 141 100 1 14 168 60 44 22 -84 16 1 -47 -42 21 78 27 78 -72 -62 -100 -102 3 
-45 184 75 -13 21 57 46 71 54 36 18 92 -85 -155 -62 126 -64 190 -48 108 43 65 -36 141 -17 53 129 44 66 176 8 -10 -145 135 -89 17 -59 -40 123 96 91 237 -8 -64 44 123 9 199 165 -200 209 15 113 -89 179 44 222 -152 219 -135 -31 -42 -2 -7 97 63 54 75 2 107 163 31 -21 -112 -106 169 -68 -14 -82 41 -82 -88 38 52 29 71 21 127 -213 165 -72 -193 -145 73 -35 -78 87 247 -3 96 
-14 140 44 -51 97 123 212 45 -169 116 38 7 43 15 174 178 112 46 34 27 -34 116 -130 30 -9 -82 131 78 43 -26 7 99 102 57 211 138 88 -47 223 18 -80 156 -18 57 48 100 -115 -20 120 154 219 104 172 -87 -83 28 -34 173 15 -2 132 178 -13 63 132 109 31 -8 61 -20 -92 165 -59 79 125 37 -95 192 118 60 93 131 110 45 85 89 -66 -27 81 78 66 2 52 68 161 -59 -11 -42 82 -67 
-29 152 187 202 62 42 -12 -62 68 -4 75 66 -15 -6 58 63 -100 3 -42 -40 -49 -51 48 -83 -83 21 86 83 63 75 -38 -10 98 -85 135 26 86 -73 91 -36 64 119 47 162 53 66 -63 39 -11 99 25 191 210 22 169 57 47 91 -22 -23 57 72 25 -25 -38 107 107 48 147 -59 49 186 22 22 59 145 123 98 72 -34 168 26 17 -2 2 47 8 218 69 53 86 45 48 -19 101 49 -115 -30 -16 25 
-62 -4 -25 102 197 -30 136 90 89 60 177 60 71 102 0 -39 101 70 -22 35 -62 42 -54 -2 75 39 161 39 -1 17 -38 52 87 -34 77 101 73 -37 107 43 3 -52 -109 -160 -48 125 28 40 84 -12 98 47 -26 28 -72 60 -53 -87 20 34 54 -6 20 -30 31 40 -46 -1 -144 -90 -137 229 -160 122 75 91 1 -141 -63 20 66 -35 124 36 88 -9 79 15 83 -10 36 91 -64 13 -77 -15 11 0 58 6 
72 50 -70 -63 77 -1 4 -80 -71 -102 15 4 -9 -111 87 48 21 -57 59 -66 24 -49 78 83 -44 115 24 69 -68 -27 46 20 88 82 2 -41 -63 -49 -8 -141 -55 53 171 -54 112 90 -46 -153 66 9 -3 -9 92 -74 77 9 -15 171 7 15 50 35 -79 131 4 -42 15 -9 93 70 -97 -45 46 -62 191 -34 -94 -8 17 71 -73 -19 26 -25 64 -72 -129 -86 52 9 -141 53 137 -105 57 -11 -75 -51 -70 -41 
31 -4 -21 -142 85 77 -74 -47 -26 -133 231 -26 232 20 42 21 75 -279 90 -3 160 -124 152 123 173 70 12 47 26 -175 -34 148 74 159 -30 262 -26 1 79 34 69 -86 65 29 -19 93 -163 17 42 -130 124 55 13 84 -83 262 64 -14 68 70 5 132 95 74 82 -7 -98 -92 17 59 59 -44 44 129 156 102 29 67 244 104 107 175 -234 6 88 24 12 34 -96 -30 59 -14 145 98 -17 -83 -12 4 150 -185 
91 58 -98 -47 92 2 62 25 25 119 214 212 -30 -6 21 85 64 11 246 66 6 -101 -42 5 10 17 -35 143 82 82 177 11 55 72 -58 154 24 115 -32 -54 218 25 -93 55 -48 137 -34 -142 -51 -68 -31 143 223 170 110 145 73 -56 -22 94 49 196 126 -38 78 0 11 104 47 116 124 -4 260 131 105 86 -50 114 -84 103 170 -104 74 -81 102 72 34 -52 60 4 78 119 60 -126 152 40 157 101 -52 21 
-35 -86 18 -113 54 82 126 85 -42 85 -35 -125 127 -135 -88 190 -16 -38 -223 -7 163 27 -30 -14 -24 -52 23 -42 -80 -1 -100 -53 111 177 -7 107 98 1 6 253 -109 27 44 97 -142 -93 99 -46 -27 63 41 26 -71 -105 -83 75 68 23 34 -107 27 -12 14 1 174 149 -15 -21 9 -94 26 -85 92 29 -121 -25 -25 97 95 1 56 -29 -70 -36 40 -33 -67 -94 26 30 65 -69 -88 39 36 -150 50 -8 54 30 
-36 -44 33 13 -56 7 65 1 -84 -117 6 11 109 48 69 77 53 -71 18 -23 -64 -41 -12 -41 57 -23 -90 -58 13 -16 -100 -25 -33 -9 -89 -24 -7 30 -62 -68 -143 56 -42 -34 -82 10 -105 264 47 2 -108 -51 3 6 -14 -156 -79 -62 89 -130 90 -68 52 100 -33 -3 92 -12 0 -34 47 -93 -55 -177 10 -77 -8 -86 8 -183 6 50 -53 45 -12 48 -23 89 -137 -2 -252 -22 1 78 -110 -45 7 -79 -183 20 
58 -182 -141 -47 154 185 -167 4 54 56 16 143 8 -61 -31 168 15 62 -62 172 34 -217 42 103 4 67 -38 88 -40 114 -64 147 -49 72 -5 90 -90 -2 -27 84 42 159 83 -93 -55 119 153 163 72 -84 89 68 22 -14 -5 116 166 14 151 -37 100 109 196 75 56 57 -80 57 45 91 53 -238 45 203 57 -125 -120 -155 78 34 7 -58 -88 151 94 20 3 25 2 -152 -201 -56 -79 135 23 -31 172 80 -25 -10 
-83 118 -39 104 32 24 -60 -21 71 -101 -38 34 -35 55 11 -68 67 65 99 23 62 -62 -7 197 -54 -107 92 1 99 110 -3 -47 -90 -17 103 72 -80 -48 58 -130 92 100 -32 29 67 17 -41 55 195 -51 85 186 107 -147 12 -19 53 -4 80 54 79 84 46 -22 8 -46 93 96 36 72 -4 105 32 171 101 -65 37 -18 72 96 16 -19 -5 -50 -64 -56 159 31 3 54 -204 -25 -17 -17 118 64 55 -3 165 -9 
23 -30 14 -23 192 160 -183 32 -56 136 71 76 -141 77 -117 31 -36 119 -9 160 17 -64 126 73 -46 -114 104 125 149 92 94 115 -62 -119 169 134 9 -135 61 120 59 -35 91 -98 -142 148 45 17 82 -5 113 75 70 111 -50 245 76 34 -7 136 -65 92 301 64 140 -5 125 15 -61 -6 26 106 17 79 53 111 48 -122 -1 -11 -6 -87 -3 52 -11 114 186 153 99 100 -8 65 -157 124 53 69 110 12 101 153 
53 -109 -48 1 216 68 61 -5 54 101 117 58 51 179 36 57 47 -33 35 52 -30 49 155 163 -149 13 143 124 7 -26 53 100 26 -14 90 65 -138 105 73 70 198 91 61 43 84 46 59 47 202 36 108 106 38 65 24 23 120 -39 187 -46 111 97 50 -19 -71 20 40 43 -137 -186 88 -1 130 111 60 137 -22 102 24 41 -36 100 -30 43 -42 169 64 83 -45 61 -81 56 -68 79 -14 5 67 -35 26 1 
41 139 142 -27 28 179 219 -12 79 88 93 -8 58 158 17 -49 155 -100 -53 -89 128 -61 215 -16 14 -40 175 90 -6 41 -21 -16 25 163 9 82 -43 78 151 217 59 -78 -32 155 -117 26 -82 59 -113 -23 -76 66 41 -24 138 65 135 13 36 44 140 22 46 -3 60 111 165 218 -28 33 88 8 36 116 32 227 -12 140 183 -5 36 -16 1 -25 -63 141 -32 -34 -94 68 123 100 -21 17 -20 -77 128 -56 79 90 
64 -45 133 129 4 -78 -10 57 74 109 -31 74 75 -27 -63 6 -36 54 -125 -61 66 133 82 57 -62 110 91 -90 214 93 208 195 16 -28 127 136 26 -67 86 31 203 -76 85 110 107 -19 11 -265 195 -78 27 23 167 33 26 171 39 -54 2 48 14 58 96 -212 31 -138 62 32 -48 -44 71 183 26 -52 -49 -30 -4 6 28 60 -16 11 8 -61 56 -7 131 190 175 15 21 -134 9 39 214 -21 11 -31 57 -15 
119 91 91 40 68 141 109 12 -33 202 -81 267 -100 12 -83 99 -4 115 -161 -21 71 55 36 -8 -222 -55 -43 102 203 120 33 93 -49 -7 11 24 19 56 -37 142 -15 69 -20 45 -94 120 194 -59 -44 65 -75 -77 -4 -103 106 48 -24 -93 88 29 137 -104 159 -44 88 -14 10 129 61 15 108 110 49 4 -17 141 44 10 43 -49 -41 -167 -22 82 -94 53 40 38 27 112 57 80 -209 57 80 125 131 16 -96 103 
193 -99 -42 -35 123 -22 38 -26 -118 52 99 -12 186 66 -9 178 -14 -206 34 105 54 19 1 -13 117 83 -13 -163 48 81 -19 144 -131 8 63 78 10 36 -89 54 -10 28 50 73 -18 204 112 29 15 36 -48 -49 -39 -77 18 15 -42 -58 -25 91 25 118 47 -117 -46 -28 -221 -41 50 98 59 19 129 83 -75 80 -124 32 72 -11 -40 100 -105 240 -71 127 116 -93 75 27 -3 -110 -85 -21 6 -52 -12 -11 -12 -22 
76 68 86 -41 69 53 109 28 84 -23 92 24 104 174 159 -7 129 73 124 9 89 -112 -18 133 7 62 66 65 -21 22 91 -33 17 152 -13 10 -178 22 49 26 142 124 -123 152 48 21 -103 -35 87 -73 86 177 44 -46 68 25 16 74 -17 104 80 43 22 -70 23 118 54 174 -50 186 -13 93 85 235 131 80 47 15 140 159 -40 108 13 39 -53 38 10 -155 1 3 17 82 136 20 60 2 161 -122 74 -112 
101 14 14 -22 199 74 15 -2 7 -55 128 22 -90 -132 12 60 64 90 39 -43 144 -135 35 63 -122 36 63 40 -38 116 112 -24 -76 -5 2 -61 -97 -5 -28 -131 28 110 64 17 78 72 29 -110 85 113 56 102 34 -82 130 139 79 131 42 46 71 -67 -46 -29 76 -26 -92 54 85 143 12 60 126 54 29 128 -158 16 130 110 -29 -38 57 -77 -85 -46 21 17 118 95 -10 114 87 -191 120 58 -161 -2 -35 100 
34 12 101 97 -112 37 -20 60 -41 -85 -53 132 195 10 95 13 88 32 4 136 -4 -93 -124 89 71 122 -107 1 109 99 5 114 12 41 -46 50 40 14 -18 70 -3 115 -69 25 -25 111 -57 129 17 -44 52 37 31 -20 35 57 -9 -71 -11 18 62 45 67 -12 8 36 -78 33 139 170 -11 -20 -18 131 40 -82 52 -40 153 25 -26 88 -22 135 64 -13 -91 -57 -46 -154 -7 -85 72 91 38 -31 41 -2 53 -197 
-67 -109 -71 -18 36 -99 -17 -103 -14 39 114 -86 15 21 43 -28 6 37 57 81 66 105 -57 39 147 -6 128 144 0 -158 94 141 120 7 -92 126 -93 79 90 136 52 -8 -93 32 135 79 -136 -50 4 -54 116 110 -121 84 123 144 122 58 -13 18 -181 113 -60 69 -62 91 -61 -130 -113 40 59 -1 18 18 20 87 126 112 -59 233 -58 93 -68 -140 40 45 -118 12 -38 -89 131 92 82 8 88 2 13 125 53 8 
133 43 -52 -36 47 4 190 22 -49 150 9 112 25 138 80 25 -74 -27 -21 -38 24 27 -34 -43 -18 -165 67 -33 -19 -116 -88 113 46 104 35 -1 -17 103 220 -5 -40 40 34 -93 58 7 -47 -22 -45 79 -135 19 120 18 101 -155 -126 79 -49 87 144 193 -22 39 -45 191 -25 149 3 -48 -61 12 -74 95 94 73 -31 170 -51 85 75 -40 28 90 6 106 -28 13 83 72 118 110 -99 -79 52 6 48 -59 -85 -62 
31 74 41 -10 82 85 -87 173 -26 99 7 -69 -45 27 -56 -102 -162 -42 16 230 30 20 132 -20 -24 -19 180 -25 48 -21 113 -26 25 165 39 153 120 -128 236 63 244 75 98 73 -8 -50 32 -34 -59 76 129 -7 151 74 -2 86 64 -103 -20 71 107 161 55 -53 -25 11 -61 117 43 29 -66 57 22 133 -72 103 -93 45 -98 85 -63 15 -34 64 99 76 -42 -63 -12 95 123 -93 -73 -36 -177 17 78 19 189 -243 
130 17 98 49 209 207 -75 -16 73 223 300 38 90 161 49 181 167 91 -2 52 41 40 195 132 97 202 263 89 109 92 76 356 -98 -115 153 29 -119 13 48 216 123 -3 -25 132 153 163 92 -34 142 24 67 161 20 126 130 154 106 -8 55 120 -97 101 132 -67 -34 -69 -2 81 -129 -7 97 137 66 206 77 193 -7 80 172 197 16 145 -50 54 -3 196 171 52 133 20 121 29 37 95 131 -87 101 63 63 86 
6 67 35 119 -77 20 16 3 104 151 26 -25 99 113 -46 -64 74 -108 65 -14 100 -29 163 25 -16 35 68 -38 60 131 112 111 -12 118 80 12 -6 -7 60 101 156 -88 -56 147 71 -78 67 -106 59 47 -104 100 12 19 -67 24 95 27 -95 98 10 77 12 16 -138 -119 -32 134 -11 -95 42 -11 48 85 9 50 34 -11 164 105 -37 72 -62 -25 17 -9 23 -113 129 -13 -4 -56 186 96 56 -33 57 -87 57 -77 
-23 98 106 66 47 46 68 -40 -27 48 -49 0 -22 -27 60 33 4 24 -11 -101 0 108 39 -110 -14 -73 142 137 6 -76 -143 -159 110 53 28 5 118 11 162 67 -22 -3 -30 54 10 80 -165 133 76 1 13 95 -44 -42 81 13 32 71 117 -49 -17 -53 4 76 107 70 251 21 -163 -4 -41 231 27 13 83 148 11 155 32 -46 -58 30 -16 -124 -2 143 -34 127 -103 44 59 38 -72 -78 -190 -17 25 -57 74 176 
-52 -53 -54 107 170 210 53 -2 -63 200 251 28 19 -9 76 90 46 59 55 40 73 -50 60 -61 -89 1 72 9 67 169 -13 90 54 85 91 -43 -73 -94 -19 80 -22 62 -57 -4 -19 85 87 39 97 132 -58 170 86 -9 49 28 -114 -63 33 222 87 56 109 44 -111 -22 -100 -19 54 19 41 154 51 203 63 -79 -99 35 -50 120 19 -157 -47 31 -63 45 178 -62 165 -159 -97 70 -18 -61 221 85 185 -64 14 9 
-84 33 -61 37 154 67 63 6 -33 139 117 63 12 -84 32 42 -129 93 12 -10 36 -58 -68 -30 -30 -29 18 -42 67 143 39 -38 19 -63 44 173 -26 -40 -15 29 -9 148 -18 31 80 75 -17 128 92 128 222 151 25 -41 73 175 214 153 49 -98 66 117 -4 3 18 87 -38 -67 4 89 105 189 -8 107 64 36 -23 62 128 3 120 -81 19 -2 62 74 -117 125 123 -12 32 59 -8 -35 157 54 52 42 88 21 
-12 18 39 -46 -27 115 47 -84 178 111 205 184 -5 95 1 49 115 -1 -21 186 12 76 21 109 71 95 61 106 70 6 79 223 -7 95 69 28 -189 53 135 131 21 38 -90 -38 81 158 167 -133 -102 -67 99 34 71 177 121 1 67 -29 -93 103 -16 112 -12 -68 67 6 -168 73 30 34 161 -113 -22 174 -115 72 8 45 -1 223 185 -4 100 171 64 13 85 -127 5 29 169 51 184 126 171 11 71 66 -75 1 
77 -94 -20 -3 90 13 58 -35 49 165 93 74 80 34 2 70 -44 56 -94 -50 -30 -61 104 -1 108 76 172 74 -5 -32 -56 104 20 127 -36 59 -80 18 215 71 114 -19 45 11 3 78 -62 2 -6 -138 -40 97 16 -72 197 -26 96 56 24 -38 -8 156 96 0 -35 136 28 89 -113 -13 -24 22 -53 80 131 101 55 98 21 121 61 -24 27 65 29 151 -30 28 111 -19 115 -15 -54 26 90 -155 232 -34 -79 132 
-3 -138 90 107 -6 -76 -28 -42 27 -82 45 17 79 89 52 39 83 61 -69 66 -82 -105 -52 52 29 -99 3 178 -96 25 -18 158 -30 36 19 6 -127 7 84 76 22 156 41 -31 -76 87 -40 58 104 -142 -25 221 -56 24 137 -25 29 -50 95 37 152 -53 73 7 105 27 77 110 96 88 89 -68 90 48 -98 -105 13 -80 -8 97 5 158 0 82 11 6 14 44 0 -113 -9 -2 3 96 -11 4 104 -98 -116 -31 
-63 118 143 98 -82 13 95 -63 -83 148 19 -60 -30 -69 -78 81 94 -19 -104 54 106 137 -27 -165 -46 -205 1 -21 46 94 -111 18 -119 74 229 74 84 -71 66 171 -13 70 -62 111 -68 71 25 75 70 -31 -49 110 -18 81 6 161 -7 -56 -18 172 1 46 24 -53 100 -101 10 49 76 61 107 164 62 80 -50 47 -111 53 16 -64 -43 -64 -17 -47 -15 27 157 -41 87 -44 81 -67 -113 -116 -6 34 -43 70 103 202 
-185 -108 -54 3 115 66 -32 -101 20 189 245 -51 -18 45 31 69 129 47 81 184 42 28 -124 -11 29 -67 35 190 -71 11 -5 4 128 -3 -24 71 27 -29 -8 175 -94 54 -134 19 -92 28 48 -6 -151 171 132 202 -93 61 33 100 -9 20 -65 92 -78 94 45 83 32 94 -165 -119 52 -87 61 -68 79 201 -1 -26 26 31 -26 101 44 -27 -24 -84 -57 19 -5 -148 94 -127 129 121 12 73 123 143 61 12 -14 -28 
-82 90 54 -37 48 18 42 39 64 -5 -63 -15 138 -45 14 -124 33 -62 6 -37 36 64 -24 5 -13 34 28 -132 71 28 161 -127 122 81 -61 -6 132 -121 74 -129 -30 -71 48 50 55 -157 17 -214 -46 173 38 -56 57 -127 -74 -70 -93 29 -163 5 116 -60 -62 -47 78 -26 -101 26 83 -91 -147 18 74 -11 -55 -94 -16 16 154 10 72 -36 -58 -49 -38 -183 -11 -117 71 41 5 -80 166 51 101 72 -65 -162 -30 -138 
74 27 39 -35 42 -119 41 -29 245 112 155 29 12 -17 -141 81 181 -11 -27 144 195 29 44 171 -19 16 87 75 -51 9 -34 -26 -100 102 119 118 -55 137 49 165 48 -39 7 41 -89 20 180 -300 -78 -94 11 79 -14 -1 81 -21 22 31 -190 69 -36 105 23 -117 205 -16 -23 198 3 -13 98 -81 29 107 -131 154 10 83 98 196 105 18 115 18 -31 -19 181 -144 106 223 161 -76 5 -109 -16 11 -122 44 -43 154 
-69 121 -5 99 -42 20 76 -9 105 42 116 -36 109 -25 -7 -4 111 -99 -51 -54 28 -93 -32 107 -75 -27 37 45 -124 41 -122 -51 18 185 92 32 -107 24 6 80 -49 110 17 16 -46 -74 24 -10 37 21 65 186 -52 -110 0 30 2 50 35 54 89 136 -63 -7 87 68 -8 16 162 -49 -54 43 44 197 83 -58 105 78 149 106 78 40 32 3 -39 -17 16 -232 133 37 88 -12 93 35 43 45 18 -71 91 -115 
88 292 56 -86 19 170 59 97 -18 160 153 131 111 -92 -37 110 4 -54 78 -44 -73 -103 169 65 -126 -37 94 40 177 52 55 66 3 211 41 91 146 48 194 -2 123 52 -73 72 -36 109 45 77 62 -16 -17 109 349 -9 53 -25 77 -28 163 -41 153 241 -83 -5 82 -3 167 185 178 -9 19 92 180 -68 234 155 34 169 69 138 185 -56 73 7 17 154 70 -151 86 256 99 -16 -25 31 140 -17 165 6 -105 59 
23 57 -13 107 52 10 98 -33 -4 119 246 -138 -18 -68 -34 22 -6 5 16 205 -85 29 147 -53 -12 55 151 60 -107 -81 160 117 51 47 12 63 -43 111 6 120 229 -49 -128 120 90 40 71 -68 37 -60 35 230 66 94 76 -98 169 52 51 80 -50 181 -208 14 -181 27 42 0 43 -28 15 -7 51 62 -44 29 32 -59 -155 327 -11 75 101 -73 -118 157 -42 -156 100 72 143 29 -53 -66 93 -15 86 75 45 96 
212 -138 126 58 160 -30 209 95 39 52 11 172 36 -71 63 163 46 -29 -115 -77 -15 -77 35 -20 -2 141 60 89 46 39 58 66 71 89 42 -13 21 52 52 10 90 15 35 -5 -34 159 -64 -81 25 -47 53 -15 68 -77 42 69 -53 100 -16 -46 14 114 172 2 53 194 29 -46 -50 39 -39 56 -55 -37 56 173 51 12 45 40 74 53 233 103 130 -23 -37 171 89 109 32 11 30 19 74 -158 -67 -103 -145 195 
61 24 68 -56 69 2 -58 -26 -14 19 12 26 16 37 -20 -48 42 125 34 110 -75 1 15 60 89 64 18 3 76 43 125 124 -101 -41 135 -15 -7 -123 50 1 -13 -44 21 41 32 74 -18 -79 157 -80 128 39 42 17 -110 151 -4 70 -83 98 -205 19 61 -133 140 -41 73 -45 -41 126 5 100 64 -60 -38 117 44 -48 26 -57 -41 -41 -57 80 -20 108 204 5 -6 30 -20 -106 -27 111 135 83 -11 -84 42 76 
36 -50 -65 50 159 18 -73 -23 143 -45 106 41 -56 -19 -59 122 44 -20 -27 73 34 39 3 27 -1 -23 27 74 -52 103 36 93 14 -54 -17 70 -105 32 -80 43 30 17 -56 -110 37 168 215 -48 65 -63 90 24 -50 15 -21 50 74 -117 177 11 91 -79 -15 -27 73 -44 -60 -48 -27 9 72 -11 44 152 -139 -30 -106 -161 -88 150 81 57 17 67 -5 -103 95 21 -88 47 -46 55 -20 45 -36 69 67 97 17 0 
-52 31 105 63 75 -31 -12 -55 48 74 205 -79 -52 -57 10 251 41 -109 -31 109 -69 21 -98 -88 -35 -72 72 142 -77 -110 -118 17 71 19 62 26 47 76 36 26 9 167 -128 82 -49 14 18 180 -29 -34 185 191 114 120 25 -130 -83 -35 116 13 41 221 -6 41 23 138 21 -20 90 -119 95 0 96 75 -5 -79 64 26 -230 200 137 239 83 -43 58 11 82 14 -23 57 84 -21 -55 6 -43 8 -139 106 -113 29 
-7 119 -82 -110 46 85 82 -32 23 41 328 70 -20 8 20 112 160 -59 174 54 29 20 -129 68 139 -79 51 161 98 -20 2 -6 14 120 0 82 -77 -16 -36 -43 -46 28 -82 74 -149 129 -13 -134 -161 -10 57 112 -18 -8 117 67 -25 59 -133 169 -61 116 151 9 191 4 -58 -32 12 95 15 49 166 38 83 132 111 150 125 154 155 -71 -21 -126 -54 -1 81 -211 68 123 119 161 144 -59 121 104 136 74 -22 95 
-21 124 112 74 40 -11 -11 -34 102 -27 79 -63 97 -53 -21 17 67 -47 -53 10 50 -98 139 8 39 126 60 6 -70 -20 -18 -18 92 151 -142 -69 41 21 79 31 110 -68 -158 16 50 -53 18 21 -15 -144 -42 80 83 42 -1 -146 -101 -126 -8 -5 -59 50 -21 122 -166 111 -25 70 52 -85 -51 -65 -23 119 32 -48 117 -63 -105 201 71 66 -12 41 28 -205 30 -128 -104 -34 -22 -127 38 77 27 -115 -4 11 -49 -6 
45 64 -2 -25 -22 -6 94 -129 -7 106 75 54 178 12 -68 40 -4 -153 -2 -56 85 88 176 -5 -10 29 80 -2 173 1 42 19 37 158 28 91 -125 -3 100 -24 10 -123 43 4 -17 99 -42 -137 44 -181 -75 -5 74 20 96 -19 45 -73 -61 55 -71 4 8 -54 -6 -16 45 45 -125 -109 68 88 54 -16 32 124 28 69 -10 -16 124 -42 -21 165 33 20 1 -63 -32 139 24 -5 84 101 62 -101 148 -61 -92 106 
96 -9 -4 103 0 14 51 69 9 26 84 -62 140 -80 -21 -40 40 16 -36 -7 22 86 13 -107 24 -86 156 4 278 103 -20 51 91 78 102 102 -8 -85 95 8 114 -90 -12 50 -137 88 -53 7 62 -118 -31 63 23 -2 126 95 11 -106 -136 141 -5 35 147 -20 -45 -30 55 49 -117 -15 -124 325 50 19 30 25 38 198 117 152 61 127 0 -18 11 -120 54 -22 41 -113 133 32 67 -146 41 -30 127 86 134 87 
70 2 72 -139 120 12 15 -48 -25 -12 151 123 -29 -86 62 162 126 -29 73 44 35 31 -4 72 -7 97 -46 119 -60 -68 -16 -45 -50 53 -40 21 -36 68 -58 63 3 68 -67 -69 -51 247 42 -39 -48 -131 66 -89 32 54 56 37 -114 -89 58 29 -90 33 -3 -17 135 29 -83 -120 60 171 89 -75 2 44 60 146 -72 54 -102 -10 59 -51 125 138 -28 18 109 -76 -99 124 86 0 -30 -3 -12 -11 -13 89 -48 171 
24 49 22 -5 -17 -58 162 -133 73 42 -43 57 40 101 0 -38 -33 -73 -52 12 52 9 75 -46 104 16 72 -38 47 40 -11 12 17 58 23 103 -25 -30 162 -34 -37 -95 55 25 108 22 -108 5 -19 -45 23 30 77 1 59 -20 99 85 -91 -45 -85 165 -16 45 -48 100 9 37 -60 -66 54 -7 -162 76 123 119 -14 13 12 -34 131 8 101 67 164 57 -81 122 12 65 51 47 20 -37 113 -146 -4 -34 -46 43 
33 -52 121 -127 9 202 -47 -113 -38 205 221 25 216 139 109 39 361 35 79 264 98 74 107 238 -45 54 100 103 138 -99 -40 133 -170 200 138 124 -325 36 15 274 -14 92 -27 178 -109 55 31 69 62 -148 62 -6 -106 76 66 78 -180 -209 -27 242 -11 111 161 -114 140 -107 -137 35 61 176 90 87 -36 229 197 43 -24 179 229 13 -37 58 -98 214 -69 238 264 -262 -11 -31 128 -39 35 104 51 52 186 41 60 39 
-23 74 -24 -52 0 -26 172 -20 -65 12 49 72 -43 47 118 17 164 101 164 -42 -7 -156 20 161 35 -12 -38 163 -97 51 6 54 -9 43 44 -22 -43 96 95 65 -23 38 -83 -150 5 129 -172 -24 22 -24 18 84 51 -96 -7 76 3 149 -21 -33 155 0 7 200 45 83 52 126 89 118 29 31 -94 -3 77 107 -28 13 141 100 1 14 168 60 44 22 -84 16 1 -47 -42 21 78 27 78 -72 -62 -100 -102 3 
-45 184 75 -13 21 57 46 71 54 36 18 92 -85 -155 -62 126 -64 190 -48 108 43 65 -36 141 -17 53 129 44 66 176 8 -10 -145 135 -89 17 -59 -40 123 96 91 237 -8 -64 44 123 9 199 165 -200 209 15 113 -89 179 44 222 -152 219 -135 -31 -42 -2 -7 97 63 54 75 2 107 163 31 -21 -112 -106 169 -68 -14 -82 41 -82 -88 38 52 29 71 21 127 -213 165 -72 -193 -145 73 -35 -78 87 247 -3 96 
-14 140 44 -51 97 123 212 45 -169 116 38 7 43 15 174 178 112 46 34 27 -34 116 -130 30 -9 -82 131 78 43 -26 7 99 102 57 211 138 88 -47 223 18 -80 156 -18 57 48 100 -115 -20 120 154 219 104 172 -87 -83 28 -34 173 15 -2 132 178 -13 63 132 109 31 -8 61 -20 -92 165 -59 79 125 37 -95 192 118 60 93 131 110 45 85 89 -66 -27 81 78 66 2 52 68 161 -59 -11 -42 82 -67 
-29 152 187 202 62 42 -12 -62 68 -4 75 66 -15 -6 58 63 -100 3 -42 -40 -49 -51 48 -83 -83 21 86 83 63 75 -38 -10 98 -85 135 26 86 -73 91 -36 64 119 47 162 53 66 -63 39 -11 99 25 191 210 22 169 57 47 91 -22 -23 57 72 25 -25 -38 107 107 48 147 -59 49 186 22 22 59 145 123 98 72 -34 168 26 17 -2 2 47 8 218 69 53 86 45 48 -19 101 49 -115 -30 -16 25 
-62 -4 -25 102 197 -30 136 90 89 60 177 60 71 102 0 -39 101 70 -22 35 -62 42 -54 -2 75 39 161 39 -1 17 -38 52 87 -34 77 101 73 -37 107 43 3 -52 -109 -160 -48 125 28 40 84 -12 98 47 -26 28 -72 60 -53 -87 20 34 54 -6 20 -30 31 40 -46 -1 -144 -90 -137 229 -160 122 75 91 1 -141 -63 20 66 -35 124 36 88 -9 79 15 83 -10 36 91 -64 13 -77 -15 11 0 58 6 
72 50 -70 -63 77 -1 4 -80 -71 -102 15 4 -9 -111 87 48 21 -57 59 -66 24 -49 78 83 -44 115 24 69 -68 -27 46 20 88 82 2 -41 -63 -49 -8 -141 -55 53 171 -54 112 90 -46 -153 66 9 -3 -9 92 -74 77 9 -15 171 7 15 50 35 -79 131 4 -42 15 -9 93 70 -97 -45 46 -62 191 -34 -94 -8 17 71 -73 -19 26 -25 64 -72 -129 -86 52 9 -141 53 137 -105 57 -11 -75 -51 -70 -41 
31 -4 -21 -142 85 77 -74 -47 -26 -133 231 -26 232 20 42 21 75 -279 90 -3 160 -124 152 123 173 70 12 47 26 -175 -34 148 74 159 -30 262 -26 1 79 34 69 -86 65 29 -19 93 -163 17 42 -130 124 55 13 84 -83 262 64 -14 68 70 5 132 95 74 82 -7 -98 -92 17 59 59 -44 44 129 156 102 29 67 244 104 107 175 -234 6 88 24 12 34 -96 -30 59 -14 145 98 -17 -83 -12 4 150 -185 
91 58 -98 -47 92 2 62 25 25 119 214 212 -30 -6 21 85 64 11 246 66 6 -101 -42 5 10 17 -35 143 82 82 177 11 55 72 -58 154 24 115 -32 -54 218 25 -93 55 -48 137 -34 -142 -51 -68 -31 143 223 170 110 145 73 -56 -22 94 49 196 126 -38 78 0 11 104 47 116 124 -4 260 131 105 86 -50 114 -84 103 170 -104 74 -81 102 72 34 -52 60 4 78 119 60 -126 152 40 157 101 -52 21 
-35 -86 18 -113 54 82 126 85 -42 85 -35 -125 127 -135 -88 190 -16 -38 -223 -7 163 27 -30 -14 -24 -52 23 -42 -80 -1 -100 -53 111 177 -7 107 98 1 6 253 -109 27 44 97 -142 -93 99 -46 -27 63 41 26 -71 -105 -83 75 68 23 34 -107 27 -12 14 1 174 149 -15 -21 9 -94 26 -85 92 29 -121 -25 -25 97 95 1 56 -29 -70 -36 40 -33 -67 -94 26 30 65 -69 -88 39 36 -150 50 -8 54 30 
-36 -44 33 13 -56 7 65 1 -84 -117 6 11 109 48 69 77 53 -71 18 -23 -64 -41 -12 -41 57 -23 -90 -58 13 -16 -100 -25 -33 -9 -89 -24 -7 30 -62 -68 -143 56 -42 -34 -82 10 -105 264 47 2 -108 -51 3 6 -14 -156 -79 -62 89 -130 90 -68 52 100 -33 -3 92 -12 0 -34 47 -93 -55 -177 10 -77 -8 -86 8 -183 6 50 -53 45 -12 48 -23 89 -137 -2 -252 -22 1 78 -110 -45 7 -79 -183 20 
58 -182 -141 -47 154 185 -167 4 54 56 16 143 8 -61 -31 168 15 62 -62 172 34 -217 42 103 4 67 -38 88 -40 114 -64 147 -49 72 -5 90 -90 -2 -27 84 42 159 83 -93 -55 119 153 163 72 -84 89 68 22 -14 -5 116 166 14 151 -37 100 109 196 75 56 57 -80 57 45 91 53 -238 45 203 57 -125 -120 -155 78 34 7 -58 -88 151 94 20 3 25 2 -152 -201 -56 -79 135 23 -31 172 80 -25 -10 
-83 118 -39 104 32 24 -60 -21 71 -101 -38 34 -35 55 11 -68 67 65 99 23 62 -62 -7 197 -54 -107 92 1 99 110 -3 -47 -90 -17 103 72 -80 -48 58 -130 92 100 -32 29 67 17 -41 55 195 -51 85 186 107 -147 12 -19 53 -4 80 54 79 84 46 -22 8 -46 93 96 36 72 -4 105 32 171 101 -65 37 -18 72 96 16 -19 -5 -50 -64 -56 159 31 3 54 -204 -25 -17 -17 118 64 55 -3 165 -9 
23 -30 14 -23 192 160 -183 32 -56 136 71 76 -141 77 -117 31 -36 119 -9 160 17 -64 126 73 -46 -114 104 125 149 92 94 115 -62 -119 169 134 9 -135 61 120 59 -35 91 -98 -142 148 45 17 82 -5 113 75 70 111 -50 245 76 34 -7 136 -65 92 301 64 140 -5 125 15 -61 -6 26 106 17 79 53 111 48 -122 -1 -11 -6 -87 -3 52 -11 114 186 153 99 100 -8 65 -157 124 53 69 110 12 101 153 
53 -109 -48 1 216 68 61 -5 54 101 117 58 51 179 36 57 47 -33 35 52 -30 49 155 163 -149 13 143 124 7 -26 53 100 26 -14 90 65 -138 105 73 70 198 91 61 43 84 46 59 47 202 36 108 106 38 65 24 23 120 -39 187 -46 111 97 50 -19 -71 20 40 43 -137 -186 88 -1 130 111 60 137 -22 102 24 41 -36 100 -30 43 -42 169 64 83 -45 61 -81 56 -68 79 -14 5 67 -35 26 1 
41 139 142 -27 28 179 219 -12 79 88 93 -8 58 158 17 -49 155 -100 -53 -89 128 -61 215 -16 14 -40 175 90 -6 41 -21 -16 25 163 9 82 -43 78 151 217 59 -78 -32 155 -117 26 -82 59 -113 -23 -76 66 41 -24 138 65 135 13 36 44 140 22 46 -3 60 111 165 218 -28 33 88 8 36 116 32 227 -12 140 183 -5 36 -16 1 -25 -63 141 -32 -34 -94 68 123 100 -21 17 -20 -77 128 -56 79 90 
64 -45 133 129 4 -78 -10 57 74 109 -31 74 75 -27 -63 6 -36 54 -125 -61 66 133 82 57 -62 110 91 -90 214 93 208 195 16 -28 127 136 26 -67 86 31 203 -76 85 110 107 -19 11 -265 195 -78 27 23 167 33 26 171 39 -54 2 48 14 58 96 -212 31 -138 62 32 -48 -44 71 183 26 -52 -49 -30 -4 6 28 60 -16 11 8 -61 56 -7 131 190 175 15 21 -134 9 39 214 -21 11 -31 57 -15 
119 91 91 40 68 141 109 12 -33 202 -81 267 -100 12 -83 99 -4 115 -161 -21 71 55 36 -8 -222 -55 -43 102 203 120 33 93 -49 -7 11 24 19 56 -37 142 -15 69 -20 45 -94 120 194 -59 -44 65 -75 -77 -4 -103 106 48 -24 -93 88 29 137 -104 159 -44 88 -14 10 129 61 15 108 110 49 4 -17 141 44 10 43 -49 -41 -167 -22 82 -94 53 40 38 27 112 57 80 -209 57 80 125 131 16 -96 103 
193 -99 -42 -35 123 -22 38 -26 -118 52 99 -12 186 66 -9 178 -14 -206 34 105 54 19 1 -13 117 83 -13 -163 48 81 -19 144 -131 8 63 78 10 36 -89 54 -10 28 50 73 -18 204 112 29 15 36 -48 -49 -39 -77 18 15 -42 -58 -25 91 25 118 47 -117 -46 -28 -221 -41 50 98 59 19 129 83 -75 80 -124 32 72 -11 -40 100 -105 240 -71 127 116 -93 75 27 -3 -110 -85 -21 6 -52 -12 -11 -12 -22 
76 68 86 -41 69 53 109 28 84 -23 92 24 104 174 159 -7 129 73 124 9 89 -112 -18 133 7 62 66 65 -21 22 91 -33 17 152 -13 10 -178 22 49 26 142 124 -123 152 48 21 -103 -35 87 -73 86 177 44 -46 68 25 16 74 -17 104 80 43 22 -70 23 118 54 174 -50 186 -13 93 85 235 131 80 47 15 140 159 -40 108 13 39 -53 38 10 -155 1 3 17 82 136 20 60 2 161 -122 74 -112 

0.00542405
