
-3 -4 -5 -2 -5 -2 -5 -4 -5 
4 -3 -1 -2 -3 -2 -5 -4 -4 
2 -5 2 -5 -5 2 1 4 -5 
1 -1 1 -5 1 4 4 0 1 
-1 0 -2 4 -5 -5 -1 0 1 
4 4 -2 1 2 -1 2 -2 2 
1 2 1 3 1 -3 1 -3 3 
0 4 2 2 -1 3 3 4 -5 
0 -4 -2 0 1 1 -1 -3 1 

4 -2 -1 2 -4 -4 1 1 -3 
2 -3 0 3 -4 -3 1 -4 -2 
1 4 -1 4 -1 -5 1 4 -1 
-2 3 3 1 -1 4 2 -5 -1 
2 1 -3 4 3 -5 1 4 -4 
2 2 3 -3 -4 -1 -5 -3 1 
1 1 3 -4 -2 -2 -4 0 0 
-1 -2 -1 -1 -3 -4 -1 0 3 
3 -3 -2 4 2 1 -4 -2 -4 

-51 1 10 -50 40 89 33 -1 50 
-10 -1 -9 -5 12 29 43 24 11 
-14 11 11 -62 -32 -23 -14 39 61 
30 0 2 -22 -15 -42 -48 24 -1 
-32 -13 10 -3 11 63 25 -36 12 
32 -25 -4 26 -15 -17 1 -18 -42 
12 -2 -5 39 12 8 13 -11 -39 
-6 17 31 -27 -63 -39 -2 -21 27 
-1 9 0 -8 30 31 -7 7 -6 

6.448e-06
