
-3 -4 -5 -2 -5 -2 -5 -4 
-5 4 -3 -1 -2 -3 -2 -5 
-4 -4 2 -5 2 -5 -5 2 
1 4 -5 1 -1 1 -5 1 
4 4 0 1 -1 0 -2 4 
-5 -5 -1 0 1 4 4 -2 
1 2 -1 2 -2 2 1 2 
1 3 1 -3 1 -3 3 0 

4 -2 -1 2 -4 -4 1 1 
-3 2 -3 0 3 -4 -3 1 
-4 -2 1 4 -1 4 -1 -5 
1 4 -1 -2 3 3 1 -1 
4 2 -5 -1 2 1 -3 4 
3 -5 1 4 -4 2 2 3 
-3 -4 -1 -5 -3 1 1 1 
3 -4 -2 -2 -4 0 0 -1 

-5 36 48 8 28 -12 18 -7 
-47 59 10 -10 66 -21 -17 1 
-3 17 9 9 18 12 -20 -27 
30 29 -10 8 21 -41 -5 22 
19 -6 -18 9 -13 -32 -6 -3 
-3 -24 18 -15 -12 49 20 17 
5 -14 -3 -5 -14 -7 9 3 
-26 -5 -17 -16 0 -23 -18 0 

4.939e-06
