
-3 4 -4 -2 -5 -1 -2 2 -5 -4 -2 -4 
-5 1 -4 1 -5 -3 4 2 -3 -3 -1 0 
-2 3 -3 -4 -2 -3 -5 1 -4 -4 -4 -2 
2 1 -5 4 2 -1 -5 4 -5 -1 2 -5 
1 1 4 4 -5 -1 1 -2 -1 3 1 3 
-5 1 1 -1 4 4 4 2 0 -5 1 -1 
-1 2 0 1 -2 -3 4 4 -5 3 -5 -5 
-1 1 0 4 1 -4 4 2 4 2 -2 3 
1 -3 2 -4 -1 -1 2 -5 -2 -3 2 1 
1 1 2 1 1 3 3 -4 1 -2 -3 -2 
1 -4 -3 0 3 0 0 -1 4 -2 2 -1 
2 -1 -1 -3 3 -4 3 -1 4 0 -5 3 

0.264749 0.154158 -0.158385 -0.111225 0.429561 -0.188214 0.0312219 0.261098 -0.0987222 0.115417 0.185936 -0.397038 
-0.257544 -0.114932 0.190354 0.0154764 0.388426 -0.162688 0.140552 0.383109 -0.193448 0.0905278 0.354059 -0.163032 
0.0348292 0.185278 0.131658 0.0320659 0.391486 -0.225989 0.126187 0.0868484 -0.0413735 0.108933 0.25666 -0.0884933 
0.13819 0.0764904 -0.0964204 0.0586269 -0.141853 0.0370489 -0.00599369 -0.0354338 0.0785714 0.0667855 -0.0842772 -0.00753616 
-0.162848 -0.0456669 0.0254214 -0.0452843 -0.358399 0.113692 -0.0587256 -0.210537 0.132936 -0.100656 -0.247271 0.172252 
0.0443677 0.0926987 0.0609217 0.0042586 -0.111512 0.0675591 0.0238637 -0.284305 0.184476 0.0198935 -0.00449049 0.139118 
0.112791 -0.00977977 -0.16979 -0.0174737 -0.0624365 -0.000677747 0.00243602 -0.0352641 0.0658893 -0.00981559 -0.0744887 -0.0575267 
-0.159402 -0.131974 0.0115407 0.0379785 -0.598571 0.351618 -0.129026 -0.364368 0.245511 -0.259332 -0.35883 0.394744 
0.192181 0.14986 -0.0280755 0.0836062 0.0936758 -0.0372282 0.0137049 -0.0783309 -0.0405542 0.0436509 0.189195 -0.00890791 
0.129115 0.0972339 0.0753141 -0.0674878 0.534355 -0.307663 0.0443165 0.238581 -0.117992 0.0989345 0.33944 -0.302004 
0.1844 0.0999188 -0.165055 -0.00617837 -0.23343 0.0876339 -0.0705679 -0.262375 0.202948 0.0380826 -0.132779 0.166939 
0.122107 0.136635 -0.00408081 0.0562989 -0.11159 0.0572776 0.0880158 -0.176096 0.0963764 -0.0380658 0.0983485 0.177948 

276.246
