
-3 4 -4 -2 -5 -1 -2 2 -5 -4 -2 
-4 -5 1 -4 1 -5 -3 4 2 -3 -3 
-1 0 -2 3 -3 -4 -2 -3 -5 1 -4 
-4 -4 -2 2 1 -5 4 2 -1 -5 4 
-5 -1 2 -5 1 1 4 4 -5 -1 1 
-2 -1 3 1 3 -5 1 1 -1 4 4 
4 2 0 -5 1 -1 -1 2 0 1 -2 
-3 4 4 -5 3 -5 -5 -1 1 0 4 
1 -4 4 2 4 2 -2 3 1 -3 2 
-4 -1 -1 2 -5 -2 -3 2 1 1 1 
2 1 1 3 3 -4 1 -2 -3 -2 1 

-0.159566 -0.113732 0.0837726 0.0887233 0.0554164 -0.171375 0.244313 0.0287489 0.0504799 0.157893 0.0647316 
0.197157 0.109004 -0.24903 -0.193071 -0.0620978 0.148823 -0.168298 -0.0748826 -0.116785 -0.0395087 0.200311 
-0.248129 0.0344216 -0.0990759 -0.154974 0.24138 -0.272266 0.0305911 0.0162338 -0.081707 0.388525 0.449419 
0.139136 0.0822499 -0.130353 -0.125524 -0.0847774 0.15613 -0.168389 -0.109526 -0.0121297 -0.02939 0.12094 
0.28825 0.0985251 -0.0430841 -0.0361785 -0.21166 0.360155 -0.193348 -0.0537388 0.0635881 -0.441417 -0.242008 
0.0590308 -0.0432498 0.0228221 -0.00690085 -0.0181843 0.0302627 -0.0635243 -0.000205809 0.0747057 -0.115048 -0.156251 
-0.0855266 0.0508782 -0.142644 -0.0569595 0.105314 -0.0730364 -0.0268962 -0.0722091 -0.154805 0.122992 0.247338 
0.188831 0.0910318 -0.17367 -0.104433 -0.0587622 0.205693 -0.0296438 -0.130502 0.0150261 -0.0139846 0.0564501 
0.00397836 0.112098 -0.183297 -0.0810987 -0.0539386 0.00669746 -0.0942759 -0.0407319 -0.112336 0.0432882 0.118368 
0.0514655 -0.0158656 0.047682 -0.0168713 -0.059524 0.186668 -0.00319027 -0.029244 0.0076929 -0.103494 -0.174897 
-0.0978775 -0.195537 0.132937 0.199158 0.0227597 -0.0837613 0.158598 0.120646 0.105215 0.0593409 -0.170121 

21.2413
