
-3 4 -4 -2 -5 -1 -2 2 
-5 -4 -2 -4 -5 1 -4 1 
-5 -3 4 2 -3 -3 -1 0 
-2 3 -3 -4 -2 -3 -5 1 
-4 -4 -4 -2 2 1 -5 4 
2 -1 -5 4 -5 -1 2 -5 
1 1 4 4 -5 -1 1 -2 
-1 3 1 3 -5 1 1 -1 

0.0923334 0.00578017 -0.161449 -0.0493779 0.045644 -0.00909593 0.323264 -0.277404 
-0.0483996 -0.0594571 -0.00292369 0.103528 -0.0306658 -0.0291747 -0.114626 0.199735 
-0.0710125 0.03435 0.00782265 0.0256822 -0.0409815 -0.0786024 0.0631874 0.0207185 
-0.0376906 -0.121496 0.0253424 0.00300957 0.152995 0.0400281 0.0540267 0.10992 
-0.141032 -0.0728048 0.050345 0.0831852 0.0129419 0.0021657 -0.18411 0.137477 
-0.161076 0.0860828 -0.108557 0.0049363 0.0350619 -0.0385644 -0.0888048 0.279547 
0.230423 0.00404513 0.0726293 -0.219311 -0.138169 0.0078463 -0.0928923 -0.160543 
0.352889 -0.0601367 -0.0511254 -0.235628 0.112547 -0.0784929 0.296979 -0.341294 

0.0172389
