
-3 4 -4 -2 -5 -1 -2 2 -5 
-4 -2 -4 -5 1 -4 1 -5 -3 
4 2 -3 -3 -1 0 -2 3 -3 
-4 -2 -3 -5 1 -4 -4 -4 -2 
2 1 -5 4 2 -1 -5 4 -5 
-1 2 -5 1 1 4 4 -5 -1 
1 -2 -1 3 1 3 -5 1 1 
-1 4 4 4 2 0 -5 1 -1 
-1 2 0 1 -2 -3 4 4 -5 

0.537264 2.50614 0.0505317 -2.57618 0.212673 -0.835863 0.130294 0.40276 -1.14079 
-0.109359 -0.85038 -0.0150173 0.763319 0.0442588 0.277379 -0.335051 -0.0802282 0.172571 
0.124751 0.925995 0.0939864 -0.867195 -0.126597 -0.288956 0.255654 0.265313 -0.207406 
0.428901 1.64952 -0.183226 -1.7459 0.244005 -0.558608 0.0592264 0.253131 -0.781382 
-0.793258 -2.79496 0.111265 2.89356 -0.182321 0.974074 -0.223473 -0.400776 1.26902 
-0.333308 -1.16951 0.18194 1.23752 -0.309014 0.50482 0.252235 -0.130403 0.715417 
-0.161728 -0.536828 -0.00489522 0.517301 -0.0431728 0.209992 -0.0848975 -0.126952 0.289427 
-0.697712 -3.04938 0.0510458 3.03801 -0.187242 0.9428 -0.223354 -0.541693 1.34386 
-0.23568 -1.56075 -0.169508 1.41569 0.097975 0.396114 -0.456787 -0.358381 0.310682 

0.19768
