
-3 -4 -5 -2 -5 -2 -5 -4 -5 4 -3 -1 -2 -3 -2 -5 -4 -4 2 -5 2 -5 -5 2 1 4 -5 1 -1 1 -5 1 4 4 0 1 -1 0 -2 4 -5 -5 -1 0 1 4 4 -2 1 2 
-1 2 -2 2 1 2 1 3 1 -3 1 -3 3 0 4 2 2 -1 3 3 4 -5 0 -4 -2 0 1 1 -1 -3 1 2 2 2 2 4 -2 2 -4 -3 0 0 3 4 1 3 -3 3 -4 1 
0 3 3 -4 2 2 0 0 2 3 2 3 0 -3 2 3 0 0 2 3 -2 3 4 1 -4 -2 -1 4 -4 3 -4 -1 3 -2 4 -2 3 0 3 2 2 4 -3 0 -2 0 -1 -3 -2 -3 
3 3 -4 0 0 -4 0 -5 -2 0 -5 -4 -3 -4 -4 -4 -3 1 -3 -2 1 1 3 -5 -4 3 3 -5 -1 -5 1 2 -3 -3 3 1 -2 4 -5 -2 4 2 -1 -1 3 1 3 1 -3 2 
2 4 3 1 -3 -3 -1 -2 3 3 -1 -1 -4 -1 -2 3 3 0 4 2 -1 3 -4 3 -4 -5 0 4 -5 -1 4 1 -4 3 0 0 2 -3 1 -4 -5 -1 -5 1 -4 1 -2 -1 1 3 
2 3 3 1 -4 -1 -3 4 -1 -2 3 -4 1 -4 2 3 1 -3 4 -5 4 1 0 -1 -3 3 -4 2 2 -3 -4 -2 -4 -2 2 -1 -5 3 2 3 1 0 4 2 -3 -2 1 -3 -1 -4 
-5 -5 1 4 -1 0 2 -4 -1 -2 -1 -2 0 4 -3 -1 2 2 1 -4 3 1 4 -2 4 -1 0 0 2 -2 3 1 -1 -2 0 -2 -2 -2 3 4 0 2 2 -1 -4 2 1 -5 -3 -4 
-3 -1 1 -4 1 3 3 0 -4 -2 -5 -1 -1 2 -5 2 2 4 -3 -2 -3 -1 -5 4 -2 0 -2 -5 3 3 -5 -3 -4 -1 0 -1 -3 -3 4 2 3 3 1 0 -5 0 -3 -5 0 4 
2 -4 0 0 4 -4 3 -2 -5 -1 0 -4 -2 -1 -2 -3 4 4 -5 -2 -5 -3 1 4 3 2 4 -2 1 -2 -2 4 -5 3 1 -4 4 -4 -3 -1 1 3 -2 4 -4 -2 3 3 0 -5 
-3 -3 -5 4 1 2 1 4 3 0 -4 2 -1 -2 1 -2 3 -1 -2 -3 -5 -4 1 4 -4 1 1 3 -2 -4 1 -3 -2 -1 -2 3 -5 -4 -1 -3 4 -2 1 4 0 -2 1 -5 2 4 
1 0 -4 0 -4 -1 -5 -5 -4 -3 -5 -4 0 -4 3 0 -3 -2 4 3 -5 0 -3 -3 1 -5 -2 4 0 -2 -1 -5 -3 -3 0 -1 0 4 -1 -3 4 -2 3 -3 1 2 4 3 -1 -1 
-2 2 2 4 -5 1 3 0 -1 -5 3 -3 3 -5 0 -1 0 -5 -4 3 -2 0 2 -5 -4 -1 -5 -5 -5 -2 1 1 -3 1 -5 3 -5 1 1 -4 -5 -5 0 -2 -3 -1 3 -3 -4 2 
1 -1 -3 3 -4 -5 4 -1 -4 -4 3 0 3 -3 -3 -5 3 -4 -4 -2 -3 1 2 1 -4 1 1 -2 -2 -1 3 4 0 3 -4 3 3 1 3 0 -1 -1 0 0 1 2 2 -3 4 -5 
-1 2 2 2 4 3 2 1 -2 -2 -1 -2 -4 3 2 -1 -5 1 1 0 -4 -4 4 -3 -4 -4 -5 -5 -4 -1 4 0 -4 4 4 0 -3 -3 1 1 -1 -1 1 -5 1 -5 0 4 -4 1 
2 0 4 -3 1 -1 -5 2 3 2 -1 -3 2 4 -1 -4 3 -3 2 -1 2 2 -5 2 1 -1 2 0 -2 0 -3 -4 3 3 -3 -4 -3 -4 4 -3 -1 4 -5 2 -5 -3 -1 -2 4 3 
1 -4 -1 0 -1 -5 -5 -2 2 0 2 -5 -2 -1 1 -1 0 0 -3 -1 -4 3 2 -1 -1 -3 3 -1 4 1 1 -3 4 -2 -4 -5 1 1 -3 3 -4 4 1 -1 3 0 -1 4 1 3 
-1 -2 -4 2 -2 -3 -5 4 -3 1 3 0 3 3 4 0 -4 3 -5 3 -2 -4 2 -4 1 4 -5 -5 -4 1 -4 -5 -3 2 -1 1 -5 -3 -5 3 0 -1 2 1 2 0 1 -2 -2 -5 
-5 1 3 -3 1 3 -3 -5 -5 -3 -4 -4 -1 2 4 4 -5 -2 3 -5 1 -4 -1 -5 3 3 -2 3 1 3 1 1 0 1 0 -2 3 -2 2 -2 4 3 -4 -2 0 -1 4 -5 -4 -2 
2 -2 -3 -1 -1 2 -4 -5 -1 -2 3 -1 -4 1 -2 0 3 -2 2 -3 2 -5 -5 -3 3 1 1 1 0 -4 0 0 2 3 3 3 -1 2 -2 -4 3 3 3 -4 -5 2 -2 -4 -2 1 
-2 -5 0 -1 3 -3 0 -5 3 -5 3 0 -3 -2 4 4 1 -2 4 -3 2 1 1 2 -3 -1 1 0 -5 2 -5 2 -5 -5 -2 -5 4 -1 0 -3 -5 -3 -4 3 3 2 0 2 1 -5 
-3 -3 3 -3 -5 1 2 -5 -5 -1 0 4 3 -5 3 1 -3 1 -5 4 2 -2 4 2 0 -4 -1 0 -4 -4 3 -4 -5 -2 3 -2 -2 -1 -3 -2 -1 -5 1 0 -3 1 2 -2 3 -5 
-2 1 -3 4 -2 0 3 4 -1 -1 -3 4 -2 -3 -4 4 -5 -5 2 -5 1 4 0 -3 0 1 -4 -3 -5 0 3 2 -1 -1 -1 -1 -3 0 0 3 1 -5 0 -3 -5 4 3 -4 -5 2 
-5 0 2 -2 -5 0 4 0 -5 -4 -4 -4 -2 1 -4 3 2 3 2 4 0 2 -4 -3 1 -1 3 -4 -3 0 -2 2 -5 1 -5 2 -4 -1 -4 1 -2 4 -5 0 -5 -5 2 0 -1 3 
4 -3 -1 0 1 2 -1 1 4 -4 0 1 3 -2 0 -5 -4 3 -1 -2 1 0 -4 2 -2 -1 -4 0 1 2 -1 4 -1 -4 -1 -5 4 -3 4 -2 -2 -1 -2 2 -5 -2 -1 -5 -3 2 
-5 3 2 -3 1 -5 2 1 1 -3 3 -1 4 -2 -2 -5 -2 2 -1 3 3 -3 2 3 -2 0 2 3 3 4 0 2 -5 -4 0 4 -3 -2 -5 1 1 4 -3 -4 -3 -3 -2 2 0 -3 
-5 3 0 -2 0 -4 -5 3 -4 0 -4 -3 4 -3 -5 2 -5 -1 4 -4 1 3 3 -3 2 1 3 2 -4 -1 3 -2 4 -1 1 0 -2 -1 -1 -3 2 -1 -5 1 1 0 0 1 -3 2 
-5 -2 4 2 2 -4 -3 -2 -5 1 -1 -2 0 3 -1 3 -4 -4 -1 -5 -3 4 3 3 2 3 4 -2 0 0 -5 0 3 -1 2 2 2 0 -1 0 -4 -2 2 3 -3 -3 2 1 4 -2 
3 -5 -5 -5 -2 -5 -4 1 -1 -2 3 -5 3 0 4 2 -2 0 2 -3 -2 2 2 -1 -5 4 1 2 4 0 2 -5 -1 -2 -3 -2 2 -2 3 4 3 -3 -2 -3 3 0 -4 0 -1 3 
3 1 1 -1 -4 3 -2 0 -1 -4 1 4 2 2 -1 4 -5 -3 4 2 -5 -3 3 -3 4 3 -2 4 -4 -2 -2 -3 -1 0 -5 2 -3 3 -4 1 4 -4 -4 -1 3 -2 0 -5 -4 -1 
-3 3 0 1 -5 -3 3 -2 2 2 3 -5 -5 0 4 4 1 2 1 -5 4 3 3 -3 -4 -3 -3 3 1 0 0 2 0 0 -5 -5 4 -4 -4 2 -2 3 1 4 -3 4 -1 -2 0 -5 
0 -5 -5 1 0 2 1 3 -1 0 2 3 2 -3 -4 -3 0 -3 -1 -3 -2 -5 3 -4 -4 -2 2 -2 -1 4 4 -4 1 1 -1 -4 -4 1 0 0 -4 3 -2 0 3 -1 4 1 -2 2 
-1 0 -2 3 -2 3 1 0 2 4 3 -1 -2 2 1 -2 0 4 -1 -5 -3 1 -1 3 0 3 -3 -1 3 -4 3 3 4 1 1 0 2 4 1 2 1 3 -3 1 1 3 1 -4 0 -4 
1 -3 -2 3 -3 -1 0 3 4 -3 -1 -2 4 -5 -1 3 -3 0 0 4 -2 2 -5 4 -1 1 -1 -1 1 2 4 -3 -4 -4 -3 2 4 2 -1 4 -5 -5 2 4 4 -2 1 1 -1 3 
-3 1 -3 -2 -3 1 4 4 -4 -4 3 0 -2 1 -3 -5 -4 -5 -4 -3 2 -4 4 0 -2 -1 0 -5 -1 -5 -2 -1 3 -3 -5 3 3 1 -2 4 -4 -5 2 4 -4 4 -5 0 -4 -2 
2 -4 -1 -2 -4 -1 3 -2 4 -5 -3 -4 1 1 2 -2 -3 4 -2 -2 2 4 4 0 0 -2 1 -1 -1 -1 4 2 -2 4 -2 -2 0 4 2 -1 -3 -1 0 0 4 -3 3 -1 -5 -5 
-5 2 1 -4 2 3 0 -4 -2 -3 3 1 3 -5 3 0 0 1 0 -5 -2 -1 0 -1 -3 -3 0 -5 -4 1 -3 4 3 -1 -2 3 1 -4 -5 4 1 1 -1 4 4 3 -3 -2 0 -5 
-2 -5 -3 -2 4 3 3 -4 -2 -4 -3 0 4 4 3 3 4 1 -3 -5 -1 4 0 2 0 -1 -5 -1 -3 2 -1 2 3 -5 -3 -3 -4 -3 1 3 -5 4 0 -1 3 -4 -4 -4 -2 -5 
-1 1 -5 0 -1 3 4 4 -1 -1 -5 -5 2 -2 0 -3 -4 3 -2 -4 -5 -2 -4 2 -4 -3 -2 -1 1 0 -1 -1 3 -5 4 -5 -3 -5 -5 -2 -2 -1 -4 -5 3 -5 0 -2 3 3 
3 3 -2 3 -5 2 -5 -1 -4 -4 -1 3 3 1 3 1 -1 4 2 0 -3 -1 0 0 0 -4 -5 -5 -2 1 -1 -3 -4 -5 -3 4 -5 1 -1 2 -5 -4 -4 3 -3 -5 -4 0 3 -1 
-2 0 4 -2 1 0 -4 4 -4 -4 1 -3 1 1 2 3 1 3 2 -4 -4 -3 0 2 -3 -1 -3 4 1 2 3 1 4 -1 0 -1 -3 -1 -4 3 -1 -3 3 3 -4 -4 -2 3 -3 -2 
3 1 0 -3 1 4 1 3 2 -4 -1 -3 -5 -3 0 -4 -3 -5 -3 0 1 -3 -4 4 2 4 0 -4 0 -4 -4 4 -3 0 1 2 3 2 -3 4 -5 0 0 -1 -5 -1 -5 3 1 -4 
1 2 -2 2 -3 2 -4 -5 3 3 -3 0 4 1 -5 -5 -4 2 -2 4 1 -4 -5 -1 -5 -1 3 1 1 2 -3 4 3 4 -1 -5 2 4 2 -4 3 -4 1 -5 -4 -3 3 -4 -2 4 
-3 4 0 4 -1 -4 0 -1 -4 0 -1 -5 -1 -2 2 1 1 3 0 2 -5 2 -3 -4 2 4 4 3 1 -1 0 -1 4 1 -1 3 -2 0 3 -5 0 -2 -1 -4 1 2 2 2 0 0 
4 2 -4 -5 -5 4 0 -1 3 -2 0 4 -2 -2 -1 3 -3 -4 -4 1 1 -3 -4 -1 1 1 4 2 1 -2 -4 -5 -4 -5 2 1 -3 2 2 2 -4 2 -4 2 2 -2 0 0 4 -2 
-2 -5 -5 -2 -5 -1 1 1 3 3 2 2 4 -4 4 2 2 -4 1 3 2 -1 2 -3 0 -2 0 2 2 3 1 -4 0 0 -4 -1 -5 -2 -4 -2 4 -2 -5 0 -3 1 -4 1 -1 -4 
1 2 2 1 4 2 -4 3 -2 -4 4 1 4 -5 0 -3 -5 -2 -2 2 -2 -1 1 3 3 2 -4 -3 -5 2 2 -1 -3 3 3 4 -3 3 -5 -3 3 -5 2 -3 3 3 -2 3 -4 -2 
-2 0 -3 3 -4 0 -5 -5 -5 2 1 2 4 3 -2 1 -5 0 1 2 1 4 3 2 3 -4 -1 1 3 -5 -3 -5 4 0 -2 2 2 4 -5 3 -2 -1 4 1 -4 -4 -2 1 -4 -3 
1 2 2 -4 -1 4 -5 3 4 -4 -3 1 3 -3 0 4 -2 -5 -1 -3 0 3 4 4 -1 -2 2 3 -2 3 -1 -1 0 -1 3 -3 -4 -5 -2 -2 0 3 2 -3 4 -4 -5 2 -5 -4 
4 0 2 1 -4 -5 3 -4 4 3 0 0 -1 0 1 3 -4 -5 -2 -4 3 -2 -2 -2 4 -1 -3 -1 0 0 4 -4 4 -3 -5 2 1 1 1 2 0 -2 1 1 -3 0 3 0 -4 -3 
-2 -2 -4 -1 0 1 3 4 -2 2 -5 -4 -3 2 3 4 -5 -1 3 -3 0 0 -3 4 -4 -1 -4 -2 -1 -4 -3 1 3 3 -3 -3 -4 -1 -1 -3 -5 -5 -3 3 1 -3 -2 -1 -4 -4 

4 -2 -1 2 -4 -4 1 1 -3 2 -3 0 3 -4 -3 1 -4 -2 1 4 -1 4 -1 -5 1 4 -1 -2 3 3 1 -1 4 2 -5 -1 2 1 -3 4 3 -5 1 4 -4 2 2 3 -3 -4 
-1 -5 -3 1 1 1 3 -4 -2 -2 -4 0 0 -1 -2 -1 -1 -3 -4 -1 0 3 3 -3 -2 4 2 1 -4 -2 -4 0 -1 0 2 4 -4 -5 -5 -1 4 -4 -2 -3 -4 -2 2 4 3 4 
2 -5 2 -4 0 -3 -1 0 -1 -2 3 -4 4 4 3 -1 3 0 3 1 0 -5 0 3 1 3 -3 4 -4 -5 3 1 4 2 -4 -2 -2 4 -4 4 -5 -2 -5 0 -2 -1 -3 -1 0 -2 
0 1 -2 4 -3 -1 -5 2 0 1 -5 -1 -2 1 0 4 4 -2 -2 4 1 -4 1 -4 2 -2 4 -3 -4 2 -4 3 0 0 2 1 -3 -4 -3 -2 -2 4 2 3 -1 1 0 -5 -5 -5 
-1 -3 -5 4 -4 -1 4 3 2 3 1 -1 -2 0 -1 -4 2 1 -4 -3 -5 3 -4 -3 2 0 2 4 0 -2 -3 4 -1 -4 0 -3 -2 4 -4 2 -2 0 0 -5 -4 -3 -3 2 -3 -1 
0 0 -5 -1 4 -2 3 -2 0 2 -4 -1 0 -1 -4 2 3 -1 -5 -5 -1 -4 0 -4 -5 -2 4 2 -5 1 -3 2 2 -3 -2 1 -5 2 -1 -5 3 3 -3 1 -4 0 1 4 0 -2 
0 -3 -5 -2 4 -2 -5 2 -5 3 1 -5 0 -4 -3 0 -1 0 4 -2 1 1 4 0 3 0 4 -3 1 -4 2 3 1 -5 -1 0 4 -1 1 -5 0 -3 -2 -1 2 -5 -1 -5 0 4 
1 0 3 1 -3 -2 1 2 -4 -3 -5 2 -1 3 -5 -3 -3 0 -5 -5 -1 -3 4 -2 -3 -2 -3 4 -5 3 2 4 -2 -2 3 -5 -5 -1 -1 -1 -1 -2 3 0 0 -4 -5 -1 2 -4 
0 4 0 2 -1 -5 4 2 -5 -5 -4 3 -1 4 -2 -5 -2 -1 1 -5 0 -5 2 1 0 -2 -5 -3 2 4 0 -3 -5 -4 -3 3 0 0 -5 -3 -2 0 -2 -3 -2 1 -2 4 3 -1 
-2 -2 -2 -3 -2 -3 0 -4 3 -4 4 -3 2 4 -2 -5 3 3 0 4 4 3 -3 0 2 -1 1 -5 -4 -4 0 1 3 3 4 -2 -4 2 -3 2 -5 2 -3 -3 -4 -3 2 -4 2 -5 
2 1 1 0 4 -3 2 3 4 2 1 3 -4 -2 -2 -1 -4 -2 -5 -5 -3 -3 0 -2 0 4 -4 -5 -4 -2 4 1 0 -4 -5 0 4 4 -3 -3 0 -3 -2 -2 3 -5 4 -4 -5 4 
3 -5 3 -2 -4 -4 -4 2 3 -5 4 4 -2 -3 -1 3 -2 -3 4 -1 1 -4 -4 -3 -4 -4 2 -4 -5 2 4 -2 3 -1 -1 -2 0 4 2 4 1 -3 -5 2 4 4 -5 -2 -5 -4 
2 3 -3 -4 -4 -4 -4 -1 4 1 1 4 4 4 -4 -5 1 -5 4 -3 -1 -3 -3 3 3 -3 -4 -1 2 2 1 1 -5 1 -3 -1 1 0 -1 -5 -3 -5 2 -5 -4 -1 2 -3 -5 -4 
-4 -3 -2 1 0 -1 -1 -3 -4 4 -3 -1 0 -4 4 -3 -4 2 1 0 0 -5 3 -3 2 1 1 -2 3 -4 3 -4 -2 2 1 -3 1 -4 2 3 4 1 1 4 -1 3 2 1 -5 -3 
-4 -4 4 1 -5 -4 -5 1 4 -1 -5 -4 -3 3 0 -4 3 3 2 1 3 4 1 3 0 -3 4 -1 -1 2 3 -5 -2 0 -3 -5 -5 -1 4 2 4 -2 -1 -2 -1 -3 -2 -3 -4 -4 
-4 -5 0 -2 4 -5 -4 -5 -3 2 3 -4 0 -3 -1 -1 2 4 -3 1 -1 -3 -4 -1 -5 -2 -1 -2 -5 2 -5 -3 4 -1 -5 -3 4 -1 -4 1 -3 -4 1 0 -3 0 2 -1 -1 4 
-5 -4 -5 -1 2 1 -1 3 0 -5 -4 -1 -1 1 3 0 3 -3 0 -2 -2 -2 -5 4 4 1 2 3 -4 -3 -4 -3 3 -3 2 2 4 4 0 3 -5 0 1 -5 -3 4 0 3 -3 4 
3 -3 -5 -5 -5 -2 -1 4 1 -5 2 2 1 4 4 4 2 -5 0 1 -5 -5 -4 1 -1 -4 4 2 2 0 2 1 4 0 3 -2 -1 -1 0 0 -4 -1 1 4 -3 -3 -3 1 4 3 
1 3 2 -5 2 1 1 -1 1 -5 2 4 -1 -1 4 -2 3 -3 2 -3 -3 3 -3 -1 2 1 -5 2 -1 -5 1 -2 3 -1 -3 2 3 -1 -4 -4 2 -1 1 0 -1 0 -2 -5 -4 -2 
0 -5 2 3 0 1 -5 -2 -2 3 2 -2 3 1 4 -2 -3 -3 4 3 -1 -3 2 -1 2 -3 -3 4 3 -3 3 1 -3 -3 -2 -5 1 3 -4 -5 4 2 3 -2 0 3 -1 3 2 -5 
-5 -1 2 1 1 -4 -5 -5 3 4 -4 -3 3 1 -5 -5 -4 -2 -5 -5 2 1 0 -5 -4 -5 -5 -1 0 4 4 -5 3 -5 -1 2 1 -2 -4 2 -1 -5 0 2 3 -5 3 -5 1 1 
0 1 -5 1 -3 2 2 0 -1 2 -2 -3 -3 -4 -1 -1 0 -3 -3 -5 2 0 4 4 1 -5 3 -1 -1 -2 2 -5 -5 -3 -1 -5 -1 2 2 -5 2 2 -1 0 4 4 3 -2 1 -1 
-4 -1 -3 -3 -3 3 0 -1 4 -5 -3 -4 -2 -2 -2 -4 0 -1 -2 4 -1 1 0 -4 1 4 2 -4 2 -2 0 -5 2 2 0 1 1 -2 2 -5 -3 -2 -3 -1 -3 -2 2 4 -4 -1 
2 -5 4 2 -3 -4 2 -1 -4 -4 -4 -1 -4 -1 -3 1 0 0 -1 -3 -3 -5 -4 -4 -5 -5 -2 -4 -5 -4 2 1 3 3 1 -5 0 -5 -4 -1 -5 -1 4 4 -1 -1 -3 3 -1 1 
4 -4 -2 1 2 -5 1 -5 -1 3 0 -1 2 -3 -3 -2 4 -5 -4 -5 -5 3 4 0 -5 -2 4 2 -2 -4 -4 3 -1 1 4 0 -4 4 -1 0 -4 -1 4 -4 -3 2 4 1 3 -5 
-4 -3 -4 0 4 -3 -3 -3 4 0 3 1 -4 0 2 -5 0 0 2 -1 -1 3 3 -4 3 -5 -5 4 -4 -2 -1 4 4 3 2 -1 0 -4 2 -2 3 2 -2 -3 -4 0 -4 1 -3 4 
-1 0 -5 0 -4 1 2 -3 -4 3 -1 -4 -4 2 2 1 -1 -3 3 -2 -4 -1 -1 -5 0 -3 -3 1 -2 4 -1 -4 2 -1 1 -4 3 0 -1 -4 -2 -5 4 -2 -2 -2 -5 2 -5 3 
-5 0 2 1 0 -1 -2 3 -1 2 1 2 3 4 -5 2 4 -2 0 -5 -3 -1 0 -3 3 -5 -4 1 -1 -5 -3 -5 2 -4 0 2 -3 2 3 -5 -5 1 -4 -3 2 0 2 0 -5 3 
-1 2 -4 1 -2 4 -5 1 4 -3 3 -5 -1 -4 1 -3 2 3 1 -3 2 0 4 -1 0 2 2 -5 2 2 -1 0 -1 0 -1 -3 -4 -3 -3 -3 -1 -3 -4 -1 4 -2 2 4 2 -1 
-1 -1 1 3 -1 4 -1 -4 4 0 -5 -1 -5 -2 -5 -4 3 -4 -2 2 -3 4 -3 0 4 -3 -1 -3 -2 1 0 -4 0 -4 0 -5 4 -5 -1 -1 -5 2 1 -2 2 4 3 4 3 3 
-4 -1 -4 -2 -1 -4 1 -3 -5 3 1 -2 -4 -1 -1 1 -3 2 4 4 -5 4 -4 -1 4 -5 -2 -1 0 0 -2 2 -2 -5 4 2 -1 -4 -5 1 -5 3 -4 2 1 2 2 0 -2 2 
4 0 -2 -5 -2 -1 1 4 -3 0 -2 4 -4 1 -1 -3 -5 -5 2 4 3 3 -2 -2 2 0 0 0 -4 1 2 -2 2 0 1 3 -2 -2 2 -2 2 3 -1 -5 4 1 1 1 2 -2 
3 0 -2 -4 2 3 -1 4 -1 2 -5 -3 -1 -1 -1 -5 -3 3 0 4 -1 3 2 4 -4 -5 4 -2 0 -5 2 -2 2 3 -2 2 1 4 2 3 0 -1 -1 -2 4 -5 2 3 4 3 
1 -4 -2 1 -3 -2 1 1 4 -3 1 1 -4 4 0 2 1 0 -2 1 -5 2 -3 -3 2 -2 -4 4 3 2 -5 1 -1 -3 1 2 -4 2 -3 2 1 3 -3 -3 -5 1 0 4 4 -4 
-4 0 2 2 -3 -1 2 1 -3 -3 -4 0 3 4 4 -1 -1 1 -1 0 -5 2 -3 3 0 4 1 -1 -5 -4 2 -2 3 1 -2 -3 -2 -1 2 -3 4 4 3 4 4 -5 -4 -4 0 0 
-2 0 3 -1 1 -5 -3 -2 1 -1 2 1 -3 -5 -3 3 -1 -1 2 -3 -5 -4 0 3 3 -3 3 1 -5 -4 -1 -5 0 0 -1 3 -3 -4 0 -1 -2 -2 1 2 3 -4 4 -3 2 -5 
-5 -5 -3 -1 -2 0 1 -3 -3 -3 4 -1 4 1 4 -1 3 -2 4 -3 3 -2 -5 -5 4 2 -4 -4 -2 -4 2 0 -2 -5 -5 4 -1 3 -4 -4 -1 -2 -2 3 -1 -1 -5 4 -2 2 
-1 2 -5 2 0 1 4 1 1 -1 2 -4 -4 -3 0 -4 -5 -3 0 2 4 -4 0 2 -1 -4 -3 -4 4 -4 2 3 -3 -4 -4 4 -2 0 4 -4 2 2 4 2 2 0 -1 0 0 2 
3 -5 -5 -1 -2 0 -3 -4 -1 -4 -4 4 -2 3 -1 1 1 4 4 4 -2 -3 4 3 1 4 -5 3 3 -1 -1 3 -4 -5 0 -1 -2 2 -3 -5 4 -5 -1 1 2 2 0 -1 2 -4 
-2 0 -3 -2 -5 1 2 -3 2 -2 -4 -5 3 0 -4 -5 -2 0 -4 -2 1 0 -2 3 3 4 1 -5 2 -1 0 2 -1 3 0 4 3 4 -2 -2 -3 1 -2 0 1 -4 2 -1 -2 2 
2 -3 -3 1 -3 -5 -1 -1 1 -5 -3 3 -3 -3 0 1 -5 4 -1 -5 2 -3 -5 3 -3 -4 -2 2 -1 -2 -3 -1 4 2 -4 -3 -5 4 1 -4 -5 0 1 -4 0 -1 0 -3 0 -3 
-4 1 -1 0 4 -3 -3 2 1 -4 -1 -3 0 2 3 4 2 -1 0 2 1 2 -2 -4 -1 -3 4 4 -3 3 4 -2 2 -2 4 -5 -2 3 -1 2 0 4 2 -3 4 1 -1 1 -4 2 
-4 4 3 -3 -5 0 -3 -4 -1 -1 -5 -1 -1 2 -3 4 2 -2 -5 -3 3 3 -2 0 4 -2 -3 0 -2 -2 -5 -2 -3 1 -2 0 0 0 1 3 -3 1 -2 -3 2 -1 -4 3 1 -5 
-2 -2 -3 4 -2 3 -2 -4 3 0 -5 0 3 3 3 1 2 0 -2 -3 1 -4 1 4 2 -3 2 -1 -3 -3 -2 0 -4 -1 1 -2 3 0 -4 -2 -2 -3 -1 4 -3 -5 1 3 0 1 
-4 1 4 4 -5 -2 -3 2 0 2 -2 -3 -3 4 1 -2 2 4 1 4 -2 -2 -5 0 -3 -1 -3 2 -5 1 0 0 -1 -2 0 -5 4 2 2 4 3 1 -5 2 -2 -5 4 3 -4 2 
1 2 -3 3 -4 -5 -4 -3 -1 1 4 -3 -1 0 -3 -1 -4 4 4 -1 0 -1 -3 4 -5 -5 1 -3 -2 3 -4 4 2 0 0 -2 0 -5 1 -5 4 -5 -2 3 -3 2 -3 1 1 -4 
0 1 -2 -3 -5 -5 0 4 -1 -5 2 -5 0 -3 -2 4 -4 -2 0 4 -3 3 -4 -5 2 -1 -5 1 1 -4 1 -3 2 2 -2 4 3 0 1 -5 4 3 -2 4 1 -2 -2 -3 -2 1 
4 -1 1 4 -4 3 1 -3 1 -5 -1 2 -3 -4 -1 -1 1 -3 -2 -5 -2 0 3 -5 -2 4 4 2 -5 3 2 4 -1 -4 3 0 -3 -4 -3 4 1 -1 2 -5 -5 1 0 2 -4 -5 
-2 -2 2 -5 4 1 -5 0 -2 4 4 2 -1 1 1 2 -2 3 1 -1 -2 1 -1 0 -4 1 -4 2 -4 -2 -1 -3 -2 -3 -2 -5 -5 -3 -4 2 -2 2 4 -4 -3 -2 3 2 3 -2 
4 -3 -4 4 -2 -5 -4 -1 1 2 -1 -5 3 1 4 -3 0 -2 -5 -2 3 -2 0 0 1 -2 0 -2 -5 -3 -2 -1 -3 3 -3 4 4 0 -2 0 1 -2 -2 3 -5 3 4 -2 -1 1 

55 134 146 -14 39 64 9 -9 140 30 108 33 50 30 -38 -15 -2 75 -9 90 55 158 -24 61 -28 -12 -56 -58 44 -36 -29 50 42 189 59 174 45 -55 129 74 95 101 -25 94 43 -19 58 -51 126 16 
-74 51 21 64 2 -51 -68 -13 19 46 -94 4 -12 55 -6 -59 -26 -34 -40 -75 -17 -19 7 1 9 -84 16 56 -66 49 -52 -8 -17 -66 -30 58 -6 -67 -8 -18 56 -59 20 -49 -53 -102 -12 -18 -53 -44 
-43 -86 3 -51 8 8 57 25 11 -125 -37 2 45 61 -21 -65 27 3 14 8 5 -27 -71 45 -12 20 -9 -31 -34 -90 86 -87 73 -44 -104 -70 2 146 -8 -117 -8 -28 -45 -42 53 -37 -63 0 -22 66 
-10 136 -87 62 -47 46 79 43 0 6 56 -69 -7 -59 101 55 -130 8 24 145 91 132 -19 -20 21 46 65 23 86 72 -7 19 55 114 55 104 34 -79 128 -1 128 72 25 72 9 -26 -8 -31 9 89 
16 -86 46 7 67 -19 56 -11 -152 -5 75 59 63 78 87 99 44 -29 76 49 -30 -37 -38 -6 59 29 -63 13 -42 -29 -26 -59 9 -76 17 62 31 -48 -157 22 -16 -1 -6 77 -61 140 7 -20 45 41 
-70 110 87 -39 58 17 7 -12 81 -80 -88 39 44 32 -74 0 7 23 -126 -74 82 17 71 67 3 94 -116 16 7 16 -22 -22 33 55 -77 44 -21 -19 14 -46 15 -45 7 6 67 -89 -3 -130 -17 32 
-60 83 -122 -109 37 22 -25 -16 0 13 -21 -50 30 -18 -1 45 31 8 14 22 2 2 18 55 62 9 64 -40 131 -18 -36 -11 37 34 83 68 38 12 60 -81 -91 43 -24 37 116 30 11 -86 -24 22 
67 -61 -72 -9 91 44 -30 -44 -4 -27 9 -2 65 -19 75 107 62 79 -40 -43 42 -92 5 118 -33 37 95 65 37 4 -60 83 34 97 45 -98 30 -1 8 24 -45 -1 66 60 9 81 -48 22 147 70 
32 -81 -98 2 -39 69 84 87 -16 -67 65 15 5 7 118 138 61 -51 39 26 -72 67 -65 -107 86 116 87 80 33 -1 -8 101 99 49 133 -56 0 26 3 29 -92 56 97 -48 -75 -12 -126 94 -41 65 
-24 37 41 35 -14 -59 -44 97 -27 -35 -64 74 -44 73 -5 151 39 97 -6 -36 -8 -97 -30 32 7 -112 24 46 -62 13 -136 -12 -6 79 69 -7 -22 -35 61 -9 -96 51 -1 35 -58 -14 -59 -26 -35 -12 
26 142 115 61 -35 83 14 -10 -2 0 90 22 57 -54 49 144 50 30 52 51 52 75 -14 76 -21 29 -13 57 134 -1 -82 -2 -53 54 -65 51 -41 -5 122 -49 110 65 79 40 15 109 5 -32 -6 -74 
104 105 46 -15 126 34 -6 64 20 99 28 31 2 -34 -48 83 -55 -41 19 145 83 -14 150 86 93 93 -4 36 115 66 -23 78 -118 22 -34 193 82 -48 71 -48 133 18 -37 34 30 85 69 -103 68 -9 
6 52 -41 -72 5 63 -33 80 -24 31 44 63 -116 -40 -45 118 -109 -1 156 123 5 25 -25 22 114 35 -76 -37 66 15 -3 31 -57 -42 18 77 60 -45 65 -70 18 5 -5 2 96 11 15 5 -23 41 
35 -9 69 11 -42 34 106 43 -22 -42 -59 22 -24 -4 47 66 20 57 -64 147 -52 67 15 -61 65 221 101 87 62 32 8 93 -18 22 46 57 -51 -44 4 108 114 125 -49 55 -38 -5 -23 -42 -10 -80 
86 -43 1 15 99 18 50 -1 -10 27 -57 73 83 105 68 -30 31 20 -18 -51 -23 -6 92 29 -25 11 -83 135 53 0 35 -40 -49 25 39 -69 -22 89 -114 105 -17 -28 84 -63 -82 92 32 27 53 -28 
-7 128 -7 60 -58 150 43 52 25 28 -11 -134 -18 10 69 -47 38 35 -34 76 61 55 29 23 16 53 49 -88 80 83 33 -22 -101 31 23 -34 87 36 9 98 -45 38 6 -28 2 37 65 127 -39 84 
-23 65 167 40 -41 -7 -47 -7 173 23 0 61 23 37 -21 8 -13 47 -76 94 5 12 24 45 -3 15 48 30 88 113 15 65 -33 167 76 -92 14 -21 124 112 51 67 50 25 -49 -47 9 -46 2 -96 
-86 -25 -16 -55 118 -19 -1 -53 71 33 74 -27 34 1 53 -2 104 105 36 83 -4 138 -39 -15 -3 4 -29 109 65 -27 -57 -43 93 48 -17 53 -54 18 82 -25 54 57 -76 -1 36 15 21 -36 -2 101 
-6 76 9 -5 166 -70 45 23 3 54 55 64 0 -45 63 107 -46 18 -27 -35 -18 65 -44 -1 -37 -22 -6 47 26 0 -89 -35 113 45 -34 135 -29 58 67 69 42 46 51 -4 69 64 0 -32 23 17 
-47 36 130 42 42 83 45 39 0 38 48 57 -36 15 53 -17 68 8 67 -17 22 -21 -56 -18 -26 82 -71 -40 -1 78 83 -64 13 -110 -81 -42 181 -20 23 2 50 -60 23 36 -4 20 -70 -10 -125 129 
-17 -13 155 -98 21 -17 -59 -25 11 64 150 -10 109 21 -22 141 -16 28 96 59 6 -20 -53 62 -72 8 -1 -34 75 10 52 -9 44 44 -41 -32 11 3 81 -10 -33 -15 2 85 35 -24 -46 -98 8 -17 
89 88 -23 -31 27 -53 49 -40 -48 37 11 11 -21 -123 -146 12 -105 20 -67 31 97 75 44 33 -29 -39 16 -85 19 57 -73 74 15 69 12 160 48 -66 74 -83 66 21 -49 103 90 86 -12 -193 62 -8 
66 -14 -28 -62 200 76 3 -11 -41 69 101 -40 62 -71 135 115 13 -118 -6 14 13 -25 89 13 35 12 84 168 56 18 32 -8 22 30 98 47 102 -16 16 9 16 69 128 4 10 107 37 -72 85 115 
144 48 -9 5 -23 8 50 89 -21 12 -54 146 99 68 -13 10 0 -64 40 -17 79 -32 44 1 37 16 -39 -51 117 89 98 46 -64 -7 -49 37 17 22 -19 -63 35 -38 -12 102 77 67 -60 4 56 14 
-8 58 110 -17 51 43 9 46 44 -32 56 70 -14 -7 -49 -29 -42 -119 34 -105 -57 -7 29 -55 49 24 -22 28 18 42 131 -36 27 -25 69 -38 -14 -100 -16 -59 -128 -11 67 -127 112 -60 -4 -33 -13 86 
35 70 -12 -16 19 49 77 -63 20 36 45 37 27 24 7 -54 13 11 -35 4 -65 71 18 44 -59 -60 -30 93 -13 -14 -45 1 10 76 82 42 7 -31 34 -37 -35 -32 35 -8 -31 -27 51 -76 15 71 
-40 0 26 -56 12 123 28 -68 25 42 43 -64 -21 -44 54 -15 78 30 -40 11 0 27 57 4 17 53 28 -34 -71 -127 -1 -53 -14 131 5 -53 -6 -52 40 26 -47 27 71 1 13 -62 -20 -9 -19 2 
-42 75 6 25 -58 48 -19 -31 83 22 28 19 -27 -5 19 -113 -6 135 41 -26 26 27 4 63 56 50 -129 -67 131 84 13 -23 -62 41 -77 -51 98 -14 47 -39 2 -101 -27 13 -17 -1 63 -15 -106 84 
61 12 83 -12 102 -70 37 -4 40 70 95 72 34 -107 -35 3 -33 -11 21 16 -12 -81 29 -11 -60 -16 -60 21 74 -39 -37 6 50 118 -99 76 52 77 109 -50 55 -22 -35 43 -55 58 70 -34 -91 -7 
-154 53 -5 -80 82 82 -32 -4 12 -15 -18 -78 38 37 -19 1 52 51 -43 -3 148 76 16 17 33 31 59 -129 35 51 -3 -114 31 -48 20 61 45 -53 -17 -8 -67 -24 -117 -14 51 -62 43 -4 31 159 
26 151 -15 31 -8 69 33 92 76 3 -8 -15 -48 9 -50 39 -19 12 -11 130 -37 59 -45 -67 29 31 -8 -34 61 141 19 71 -23 -37 68 38 142 23 48 27 21 55 -34 40 23 15 12 -7 -98 76 
-25 17 -140 -60 9 -69 46 88 -19 -82 -4 -22 -82 6 4 -6 -48 78 38 55 21 -40 -22 33 -35 -67 65 -103 -16 -59 20 73 40 18 46 30 -104 -10 34 -77 18 82 -59 67 52 -85 -10 -2 26 47 
0 68 57 84 -82 -13 -27 -71 -65 53 7 -28 35 12 -41 -14 40 -59 16 -54 15 -117 7 26 74 -76 -118 -86 -12 38 -8 85 -179 -53 -59 15 120 -77 -108 -87 -47 -20 25 127 -26 4 3 12 -8 25 
38 103 29 8 82 150 65 -67 7 99 -24 -5 34 -109 -87 -17 -123 43 -38 -75 139 -45 179 26 -40 107 99 -135 84 37 42 128 -75 66 31 166 66 -61 82 -15 68 -133 -18 106 79 -109 -18 17 47 38 
-14 87 -46 -21 -92 21 77 58 -56 3 -61 -38 -52 14 -26 20 -40 -43 77 110 -10 10 38 -6 62 -28 -52 -14 241 90 74 -41 -84 -67 12 54 58 -28 94 -53 52 28 -31 95 57 8 4 46 20 44 
9 62 51 -92 27 51 47 47 103 8 -6 45 -31 32 -19 10 28 28 4 -25 16 13 -129 146 -58 27 129 -6 -78 57 11 -20 34 38 -27 8 64 59 62 46 -22 -39 -58 -60 19 -136 15 26 14 103 
-61 43 -4 -69 93 77 -6 82 18 123 -113 -9 -7 -21 -46 -21 106 40 -7 63 28 31 -2 112 0 -17 191 -4 83 49 48 -47 -20 16 63 -83 118 63 157 123 -27 60 7 -33 94 46 77 20 -58 123 
79 133 84 -12 58 100 60 178 -104 85 -40 26 75 55 22 42 34 82 -21 69 20 82 52 30 -78 73 124 18 32 74 44 57 -7 118 66 -41 -6 -81 103 54 55 108 70 53 18 -69 9 -22 89 129 
100 16 122 -26 66 107 4 -31 77 38 -16 123 57 -91 24 88 44 -66 -19 63 13 -86 81 89 -47 114 157 -33 54 69 38 1 -67 94 15 16 14 -109 7 99 41 -34 120 133 -38 76 114 -40 12 -55 
1 30 79 -71 -4 113 80 43 31 -36 -81 49 1 14 -17 -7 67 -3 -99 -36 -53 9 -13 61 45 39 51 24 -18 -46 -18 6 34 77 19 24 1 -38 23 96 -135 17 -5 -27 12 -55 -13 40 -19 82 
46 26 83 60 110 57 163 -25 -80 45 -14 46 19 -40 -43 -21 -56 -32 -44 -120 55 46 151 -83 -58 126 31 37 -4 78 51 143 -20 5 24 72 -109 -44 -26 39 102 24 98 -22 11 -33 -101 99 99 -21 
138 55 -77 -26 -46 36 51 48 -10 -1 31 88 52 84 43 11 -89 -81 71 127 102 -21 -28 -67 55 -42 -164 -30 186 30 1 0 -21 58 -69 148 -25 18 12 -78 73 69 6 9 15 111 -35 44 122 -19 
29 -21 -66 1 23 36 -67 27 -19 40 80 -17 -79 4 65 53 61 18 75 87 -83 60 91 54 27 -49 35 133 -14 -55 -102 34 5 14 66 -5 -68 -55 62 -43 57 10 34 -78 -29 18 9 -25 47 17 
-29 29 98 74 133 6 3 -57 -48 82 38 15 77 -38 -39 61 -44 40 21 -49 7 -54 110 -40 -149 66 -28 -12 -2 116 36 -22 -12 -30 -32 -37 36 9 10 -5 129 -68 55 67 34 -16 32 30 -8 82 
1 83 96 15 90 27 -71 -11 120 16 46 61 -22 -32 -100 -78 -3 45 53 -66 38 15 39 86 -45 -88 10 -69 84 147 12 -57 0 -41 -1 -59 26 14 39 -35 -99 -55 22 -134 26 43 80 -74 -5 -32 
111 35 135 122 -84 -93 110 -7 69 24 0 105 -98 -36 -122 -8 -51 -60 -82 -52 -107 -2 -46 -3 -67 -38 -25 64 -72 35 -34 157 -18 25 -25 -19 -92 -45 30 11 27 30 34 -16 -65 -7 -28 -1 3 -138 
-5 83 36 -36 -4 116 24 -79 107 24 43 -41 90 -112 -8 20 45 -76 -82 -46 88 -59 62 -11 -23 -21 107 -158 109 -75 34 -43 -56 118 -22 79 -20 43 44 -11 -39 1 43 60 76 -12 79 -27 -36 -69 
-27 76 178 44 -13 33 115 -18 -38 -29 -177 59 -22 54 -119 -20 86 -4 -95 -69 -39 18 -1 -46 -115 9 -7 59 -73 163 1 -106 29 18 4 -117 -7 14 32 69 -48 -9 -8 -83 17 38 -11 108 -49 21 
12 30 28 -21 51 -69 -18 -98 -28 40 24 -76 59 -119 -124 -33 -43 72 48 60 90 70 83 46 17 8 -3 -160 114 -4 1 2 -16 47 -45 143 57 -2 -35 71 -60 -91 -68 56 66 -12 82 -85 35 0 
41 51 113 9 74 102 63 48 -32 69 -26 26 -6 12 -8 -23 39 148 -27 78 73 38 117 24 -78 -1 69 10 100 57 24 70 -9 69 68 -15 11 -79 70 95 113 24 20 91 -4 -65 -13 -38 101 21 

0.00143786
