
-3 -4 -5 -2 -5 -2 -5 -4 -5 4 -3 -1 
-2 -3 -2 -5 -4 -4 2 -5 2 -5 -5 2 
1 4 -5 1 -1 1 -5 1 4 4 0 1 
-1 0 -2 4 -5 -5 -1 0 1 4 4 -2 
1 2 -1 2 -2 2 1 2 1 3 1 -3 
1 -3 3 0 4 2 2 -1 3 3 4 -5 
0 -4 -2 0 1 1 -1 -3 1 2 2 2 
2 4 -2 2 -4 -3 0 0 3 4 1 3 
-3 3 -4 1 0 3 3 -4 2 2 0 0 
2 3 2 3 0 -3 2 3 0 0 2 3 
-2 3 4 1 -4 -2 -1 4 -4 3 -4 -1 
3 -2 4 -2 3 0 3 2 2 4 -3 0 

4 -2 -1 2 -4 -4 1 1 -3 2 -3 0 
3 -4 -3 1 -4 -2 1 4 -1 4 -1 -5 
1 4 -1 -2 3 3 1 -1 4 2 -5 -1 
2 1 -3 4 3 -5 1 4 -4 2 2 3 
-3 -4 -1 -5 -3 1 1 1 3 -4 -2 -2 
-4 0 0 -1 -2 -1 -1 -3 -4 -1 0 3 
3 -3 -2 4 2 1 -4 -2 -4 0 -1 0 
2 4 -4 -5 -5 -1 4 -4 -2 -3 -4 -2 
2 4 3 4 2 -5 2 -4 0 -3 -1 0 
-1 -2 3 -4 4 4 3 -1 3 0 3 1 
0 -5 0 3 1 3 -3 4 -4 -5 3 1 
4 2 -4 -2 -2 4 -4 4 -5 -2 -5 0 

-51 4 58 -24 41 39 2 5 51 30 78 32 
12 40 31 43 23 3 -44 -23 22 20 -7 -2 
7 -4 16 -3 -24 -40 39 12 -13 -4 26 -5 
24 -7 21 48 59 -8 15 29 -6 8 65 17 
5 -12 4 17 6 -28 24 -15 -19 10 25 7 
-35 -28 39 6 42 5 14 -35 28 -38 22 19 
-22 -11 28 3 26 21 -20 8 -7 -33 26 33 
60 -5 -5 36 11 -17 8 33 -33 19 9 -8 
-14 -42 17 38 23 -9 -24 8 -24 3 45 11 
61 -3 -50 11 -14 -3 -1 37 -38 4 -36 -21 
17 40 -23 -45 7 18 41 -9 37 58 -16 -23 
10 18 6 -42 6 15 27 -52 34 -7 -47 -9 

0.00142458
