
-3 -4 -5 -2 -5 -2 -5 -4 -5 4 
-3 -1 -2 -3 -2 -5 -4 -4 2 -5 
2 -5 -5 2 1 4 -5 1 -1 1 
-5 1 4 4 0 1 -1 0 -2 4 
-5 -5 -1 0 1 4 4 -2 1 2 
-1 2 -2 2 1 2 1 3 1 -3 
1 -3 3 0 4 2 2 -1 3 3 
4 -5 0 -4 -2 0 1 1 -1 -3 
1 2 2 2 2 4 -2 2 -4 -3 
0 0 3 4 1 3 -3 3 -4 1 

4 -2 -1 2 -4 -4 1 1 -3 2 
-3 0 3 -4 -3 1 -4 -2 1 4 
-1 4 -1 -5 1 4 -1 -2 3 3 
1 -1 4 2 -5 -1 2 1 -3 4 
3 -5 1 4 -4 2 2 3 -3 -4 
-1 -5 -3 1 1 1 3 -4 -2 -2 
-4 0 0 -1 -2 -1 -1 -3 -4 -1 
0 3 3 -3 -2 4 2 1 -4 -2 
-4 0 -1 0 2 4 -4 -5 -5 -1 
4 -4 -2 -3 -4 -2 2 4 3 4 

46 -5 -26 14 39 -61 23 58 88 13 
-23 44 -1 20 71 3 -44 -8 34 -20 
57 -52 -13 60 -6 -26 58 36 -19 -27 
4 1 11 -36 -16 19 15 14 40 39 
-17 -33 -31 19 24 5 22 -17 -11 -38 
-25 -2 26 9 -10 21 0 -21 -44 -20 
12 -35 -27 9 -14 15 14 -5 -23 -12 
9 21 -27 17 33 -16 11 -5 -11 -34 
12 -8 17 5 -18 12 27 1 -4 -2 
33 -7 16 -9 -30 10 43 25 11 20 

0.00142377
