
0 -2 -5 4 2 4 -5 3 
-4 -2 -3 -3 3 -5 3 -4 
1 3 1 1 -4 3 -3 4 
4 -1 3 -2 3 0 -1 0 
3 1 1 2 0 2 1 3 
-3 -5 -5 -5 -5 -5 -2 2 
4 4 0 -3 4 4 -2 -5 
-2 -4 -2 -1 1 4 4 1 

0 0 0.0392312 0.250092 0.287592 0.147008 0.130583 -0.0293118 
0 -0.0235713 -0.165288 -0.245751 -0.0624152 0.226068 0.107263 0.0870804 
0 -0.0107416 0.212786 0.220811 -0.0300392 0.11579 -0.048486 0.0404812 
0 -0.0452092 -0.0427428 0.0708798 0.136593 -0.209426 -0.0856918 -0.0907633 
0 0.0357447 -0.14786 -0.205439 -0.121159 0.0132722 -0.0306495 -0.0426675 
0 0.0746206 0.243928 0.17339 0.161587 0.0167914 -0.0912727 -0.03545 
0 0.00214038 -0.0770369 0.0268969 -0.0176247 -0.0934493 -0.0231596 0.0407759 
0 -0.066799 0.0253376 -0.0601271 -0.0827641 0.184035 0.00794281 0.0145353 

3.07811
