
-3 4 -4 -2 -5 -1 -2 2 -5 -4 
-2 -4 -5 1 -4 1 -5 -3 4 2 
-3 -3 -1 0 -2 3 -3 -4 -2 -3 
-5 1 -4 -4 -4 -2 2 1 -5 4 
2 -1 -5 4 -5 -1 2 -5 1 1 
4 4 -5 -1 1 -2 -1 3 1 3 
-5 1 1 -1 4 4 4 2 0 -5 
1 -1 -1 2 0 1 -2 -3 4 4 
-5 3 -5 -5 -1 1 0 4 1 -4 
4 2 4 2 -2 3 1 -3 2 -4 

-0 -0 5.03112e-05 0.0989529 -0.0543406 0.11819 -0.0711393 0.0689561 0.0777776 0.0283173 
-0 -0.113467 0.0931357 0.0616533 0.0375743 -0.0184586 0.173065 -0.00643644 -0.236027 -0.0636572 
-0 0.139987 -0.218895 -0.0106469 -0.0382535 0.016494 -0.0645869 -0.0398626 0.3419 0.0919697 
-0 0.0305025 -0.0227344 -0.0721723 0.0077638 -0.0652474 -0.116078 -0.0467333 0.0610775 -0.00264628 
-0 0.196448 0.160063 -0.172279 -0.0534604 0.0130577 0.00387708 0.202538 0.0071372 -0.245709 
-0 -0.0293188 -0.23317 0.136386 -0.104964 0.0459641 -0.0080214 -0.0491612 0.176056 0.105057 
-0 -0.0353987 0.352809 0.00375227 0.184928 -0.147683 0.271515 0.292033 -0.244129 -0.293674 
-0 -0.0936145 0.0143091 -0.0429708 0.0693061 0.0707493 0.00972462 0.054794 -0.109975 0.00292481 
-0 0.0461013 0.413171 -0.220783 0.0793834 -0.131151 0.150887 0.227588 -0.361098 -0.277335 
-0 -0.0306668 -0.033845 -0.0836484 -0.0605172 0.030969 -0.109179 -0.0740068 0.113086 0.156803 

343.94
