
-3 4 -4 -2 -5 -1 -2 
2 -5 -4 -2 -4 -5 1 
-4 1 -5 -3 4 2 -3 
-3 -1 0 -2 3 -3 -4 
-2 -3 -5 1 -4 -4 -4 
-2 2 1 -5 4 2 -1 
-5 4 -5 -1 2 -5 1 

0 0 -0.429238 -0.184724 -0.394449 -0.73079 0.792492 
0 0.751816 0.519841 0.759462 1.21301 -1.70495 -1.70785 
0 0.484517 0.199251 0.366695 0.657466 -0.936769 -0.911996 
0 -0.201372 -0.173943 -0.33873 -0.266783 0.46437 0.536566 
0 -0.0392805 -0.0870862 0.0321699 0.0106086 0.0122716 -0.17488 
0 0.123327 0.126462 0.27418 0.382751 -0.508602 -0.505926 
0 -0.19149 -0.15544 -0.103028 -0.415437 0.443765 0.450149 

0.341441
